# Created by Octave 3.8.2, Tue May 05 11:25:51 2015 BRT <gianarch@localhost>
# name: a
# type: matrix
# rows: 21
# columns: 21
 1 0.2078746 0.08753989999999999 -0.05191023333333334 0.009289466666666666 -0.002059700000000003 -0.02600673333333333 -0.04315653333333334 -0.04581596666666665 -0.002827166666666667 -0.03989936666666667 -0.0309042 -0.03815923333333334 -0.0713232 -0.03774140000000002 -0.0585078 0.1315458 0.07515133333333333 -0.02133426666666667 -0.1091697333333333 -0.9063972666666669
 0.2078746 1 0.09148936666666665 0.004305633333333334 0.03001413333333333 0.0102849 -0.00252506666666667 -0.02890216666666667 -0.02448646666666666 -0.02065996666666666 -0.04718266666666667 -0.003852533333333333 -0.02278006666666667 -0.07362236666666666 -0.06431916666666668 -0.04032493333333333 0.1627432666666667 0.05916363333333334 0.01611746666666666 -0.8542299333333335 -0.2305024
 0.08753989999999999 0.09148936666666665 1 0.01319446666666666 -0.0250647 -0.02122306666666667 -0.02231259999999999 -0.0134829 -0.02361463333333334 -0.0169756 -0.05258553333333336 -0.04816016666666667 -0.05572183333333332 -0.0886483 -0.09456526666666666 -0.02478493333333334 0.1639918000000001 0.0478087 -0.7570152333333332 -0.1195966333333333 -0.1184594333333333
 -0.05191023333333334 0.004305633333333334 0.01319446666666666 1 0.03252163333333335 -0.02468853333333333 -0.009764533333333327 0.007492600000000001 0.0124053 -0.0191382 -0.001311366666666662 -0.02580650000000001 0.007338266666666671 -0.04626636666666666 -0.05267856666666667 -0.02578469999999999 0.3046995 -0.6436592333333332 -0.05880269999999999 -0.04260773333333333 0.02746756666666667
 0.009289466666666666 0.03001413333333333 -0.0250647 0.03252163333333335 1 -0.008361399999999998 0.007675533333333333 0.01640616666666667 -0.01775546666666667 0.02458846666666667 0.0198525 0.0006660666666666658 0.0001208666666666652 -0.004788200000000003 -0.009218866666666667 -0.02210176666666666 0.006494500000000001 -0.01946606666666667 0.02089993333333333 -0.02507096666666667 -0.004559633333333335
 -0.002059700000000003 0.0102849 -0.02122306666666667 -0.02468853333333333 -0.008361399999999998 1 0.01066873333333333 -8.55999999999968e-05 0.0001531666666666636 0.004742000000000008 -0.005543000000000002 0.03556983333333334 -0.03713416666666666 -0.001316066666666667 -0.01243756666666667 0.007754199999999999 -0.002197233333333332 0.02421263333333333 0.0257318 -0.006660733333333336 0.004557033333333331
 -0.02600673333333333 -0.00252506666666667 -0.02231259999999999 -0.009764533333333327 0.007675533333333333 0.01066873333333333 1 0.008204000000000003 0.05220356666666666 0.0186358 0.03343636666666667 0.03909823333333333 0.01854356666666666 0.0324475 -0.02907413333333333 -0.01417673333333334 0.001552200000000001 0.01854783333333334 0.02368279999999999 0.009921600000000003 0.02755423333333333
 -0.04315653333333334 -0.02890216666666667 -0.0134829 0.007492600000000001 0.01640616666666667 -8.55999999999968e-05 0.008204000000000003 1 0.003743700000000002 -0.02086436666666667 -0.0627455 0.01626893333333334 0.003406966666666662 0.002368366666666668 -0.006505066666666665 -0.009545533333333332 0.001303333333333335 0.006417766666666666 0.01334496666666666 0.02582486666666666 0.04456206666666665
 -0.04581596666666665 -0.02448646666666666 -0.02361463333333334 0.0124053 -0.01775546666666667 0.0001531666666666636 0.05220356666666666 0.003743700000000002 1 0.07268019999999999 0.02808306666666666 -0.001209133333333328 -0.02257473333333333 -0.04099319999999999 -0.03182746666666667 0.01199576666666667 0.008286866666666667 0.008103233333333329 0.02413126666666665 0.02869186666666667 0.04408063333333333
 -0.002827166666666667 -0.02065996666666666 -0.0169756 -0.0191382 0.02458846666666667 0.004742000000000008 0.0186358 -0.02086436666666667 0.07268019999999999 1 -0.00933313333333333 -0.000860999999999999 -0.01682536666666667 -0.0263382 0.01267726666666667 -0.02093020000000001 -0.002867333333333334 0.02249570000000001 0.01738303333333333 0.02267263333333333 0.009743666666666666
 -0.03989936666666667 -0.04718266666666667 -0.05258553333333336 -0.001311366666666662 0.0198525 -0.005543000000000002 0.03343636666666667 -0.0627455 0.02808306666666666 -0.00933313333333333 1 0.03456856666666665 0.0445793 -0.007671833333333339 0.0004881333333333367 0.001835399999999999 0.004702666666666667 0.01287133333333334 0.05294646666666666 0.049691 0.04404546666666666
 -0.0309042 -0.003852533333333333 -0.04816016666666667 -0.02580650000000001 0.0006660666666666658 0.03556983333333334 0.03909823333333333 0.01626893333333334 -0.001209133333333328 -0.000860999999999999 0.03456856666666665 1 -0.02168736666666667 0.0046979 -0.02512016666666666 0.048841 0.008990599999999996 0.03495776666666667 0.05454366666666666 0.01676863333333333 0.0366165
 -0.03815923333333334 -0.02278006666666667 -0.05572183333333332 0.007338266666666671 0.0001208666666666652 -0.03713416666666666 0.01854356666666666 0.003406966666666662 -0.02257473333333333 -0.01682536666666667 0.0445793 -0.02168736666666667 1 0.01797783333333332 0.009990966666666675 0.003794833333333332 0.0134168 0.014903 0.05483726666666667 0.02928803333333334 0.04518729999999998
 -0.0713232 -0.07362236666666666 -0.0886483 -0.04626636666666666 -0.004788200000000003 -0.001316066666666667 0.0324475 0.002368366666666668 -0.04099319999999999 -0.0263382 -0.007671833333333339 0.0046979 0.01797783333333332 1 0.01779576666666666 0.0200217 0.002685566666666665 0.06261556666666666 0.08938796666666667 0.07965163333333333 0.0826171
 -0.03774140000000002 -0.06431916666666668 -0.09456526666666666 -0.05267856666666667 -0.009218866666666667 -0.01243756666666667 -0.02907413333333333 -0.006505066666666665 -0.03182746666666667 0.01267726666666667 0.0004881333333333367 -0.02512016666666666 0.009990966666666675 0.01779576666666666 1 0.01848073333333333 0.009807966666666669 0.07416303333333336 0.1065516 0.08068676666666665 0.0534981
 -0.0585078 -0.04032493333333333 -0.02478493333333334 -0.02578469999999999 -0.02210176666666666 0.007754199999999999 -0.01417673333333334 -0.009545533333333332 0.01199576666666667 -0.02093020000000001 0.001835399999999999 0.048841 0.003794833333333332 0.0200217 0.01848073333333333 1 0.01686093333333333 0.03693653333333334 0.03844840000000001 0.04420563333333332 0.06239123333333332
 0.1315458 0.1627432666666667 0.1639918000000001 0.3046995 0.006494500000000001 -0.002197233333333332 0.001552200000000001 0.001303333333333335 0.008286866666666667 -0.002867333333333334 0.004702666666666667 0.008990599999999996 0.0134168 0.002685566666666665 0.009807966666666669 0.01686093333333333 1 -0.07980999999999999 -0.03719823333333334 -0.09561526666666666 -0.1325620666666666
 0.07515133333333333 0.05916363333333334 0.0478087 -0.6436592333333332 -0.01946606666666667 0.02421263333333333 0.01854783333333334 0.006417766666666666 0.008103233333333329 0.02249570000000001 0.01287133333333334 0.03495776666666667 0.014903 0.06261556666666666 0.07416303333333336 0.03693653333333334 -0.07980999999999999 1 0.1097541333333333 0.03235386666666667 -0.03679246666666667
 -0.02133426666666667 0.01611746666666666 -0.7570152333333332 -0.05880269999999999 0.02089993333333333 0.0257318 0.02368279999999999 0.01334496666666666 0.02413126666666665 0.01738303333333333 0.05294646666666666 0.05454366666666666 0.05483726666666667 0.08938796666666667 0.1065516 0.03844840000000001 -0.03719823333333334 0.1097541333333333 1 0.08083413333333335 0.06920353333333332
 -0.1091697333333333 -0.8542299333333335 -0.1195966333333333 -0.04260773333333333 -0.02507096666666667 -0.006660733333333336 0.009921600000000003 0.02582486666666666 0.02869186666666667 0.02267263333333333 0.049691 0.01676863333333333 0.02928803333333334 0.07965163333333333 0.08068676666666665 0.04420563333333332 -0.09561526666666666 0.03235386666666667 0.08083413333333335 1 0.1485409
