# Created by Octave 3.8.2, Tue May 05 11:25:51 2015 BRT <gianarch@localhost>
# name: a
# type: matrix
# rows: 21
# columns: 21
 1 0.1604020999999999 -0.01913996666666667 -0.1323850333333333 0.008357699999999997 -0.0001848333333333313 0.001626500000000002 -0.0337356 -0.04125676666666667 -0.0212762 -0.02847 -0.01164126666666666 -0.02536633333333333 -0.0124317 -0.02712423333333333 -0.03261646666666666 0.1709237333333334 0.1261357666666666 0.05035539999999998 -0.08175763333333336 -0.8881407333333335
 0.1604020999999999 1 0.05243640000000001 -0.09476726666666667 0.0005735666666666671 0.02103143333333333 -0.008336199999999995 -0.02179526666666666 -0.03264593333333334 -0.01605713333333334 -0.06725263333333335 -0.0006371333333333361 -0.05719900000000001 -0.05365913333333334 -0.03710420000000001 -0.01904333333333333 0.1433899 0.06420606666666667 -0.02309673333333334 -0.8373176999999997 -0.1886951333333333
 -0.01913996666666667 0.05243640000000001 1 -0.05943933333333332 -0.04783013333333333 -0.01133283333333333 -0.01906639999999999 -0.01698493333333333 -0.03696543333333333 -0.02805386666666666 -0.03412133333333332 -0.02095513333333333 -0.04469046666666666 -0.06765573333333333 -0.07681253333333332 0.03027086666666667 0.08651866666666666 0.02313403333333334 -0.7095957666666667 -0.1001193666666666 -0.01543186666666667
 -0.1323850333333333 -0.09476726666666667 -0.05943933333333332 1 0.01862896666666667 -0.02333313333333334 -0.02462753333333334 0.002973400000000006 -0.01117933333333334 -0.0001338999999999956 0.01356646666666667 -0.01055113333333333 -0.0129054 -0.01483643333333333 -0.03608516666666668 -0.005251066666666665 0.1520664 -0.6039265666666668 -0.0276716 0.03646959999999999 0.1035194333333333
 0.008357699999999997 0.0005735666666666671 -0.04783013333333333 0.01862896666666667 1 -0.01052306666666667 -0.0211744 0.0164313 -0.02949933333333333 0.01644876666666666 -0.0049091 0.005558966666666666 0.01380153333333334 -0.009889000000000004 -0.003521666666666666 0.004406633333333336 -0.0008882333333333335 -0.004462166666666667 0.0365907 0.0042798 0.0005455666666666666
 -0.0001848333333333313 0.02103143333333333 -0.01133283333333333 -0.02333313333333334 -0.01052306666666667 1 -0.0089123 0.02692846666666667 -0.0219784 -0.024275 -0.0212152 0.02436963333333333 -0.06401373333333332 -0.003950699999999999 -0.02242486666666667 -0.0007435999999999989 0.006259366666666667 0.02220423333333333 0.009944600000000001 -0.009596333333333333 0.001781633333333334
 0.001626500000000002 -0.008336199999999995 -0.01906639999999999 -0.02462753333333334 -0.0211744 -0.0089123 1 0.0061937 0.02311656666666667 -0.004473999999999996 0.02440170000000001 0.01662933333333334 0.0366478 0.06093186666666666 -0.005348466666666664 0.007117299999999998 0.0008321333333333343 0.0377836 0.03474366666666668 0.0155922 0.009229366666666666
 -0.0337356 -0.02179526666666666 -0.01698493333333333 0.002973400000000006 0.0164313 0.02692846666666667 0.0061937 1 -0.009684166666666666 0.0203576 -0.01987753333333333 0.03163013333333333 0.01808183333333334 -0.02848613333333333 -0.02741973333333333 0.002529933333333326 -0.002091533333333333 0.01008576666666667 0.02073593333333334 0.02784029999999999 0.03591696666666667
 -0.04125676666666667 -0.03264593333333334 -0.03696543333333333 -0.01117933333333334 -0.02949933333333333 -0.0219784 0.02311656666666667 -0.009684166666666666 1 0.05574419999999999 0.03042306666666666 0.04219563333333334 -0.01552393333333333 -0.03160206666666666 -0.01079066666666667 0.0077786 0.01184756666666666 0.03863033333333333 0.04694179999999999 0.0388507 0.0424944
 -0.0212762 -0.01605713333333334 -0.02805386666666666 -0.0001338999999999956 0.01644876666666666 -0.024275 -0.004473999999999996 0.0203576 0.05574419999999999 1 -0.02080923333333333 -0.009822233333333335 -0.004873333333333328 -0.0430362 -0.009022566666666672 -0.02731233333333333 0.01092143333333333 0.0087797 0.02508953333333334 0.01985666666666667 0.02692223333333333
 -0.02847 -0.06725263333333335 -0.03412133333333332 0.01356646666666667 -0.0049091 -0.0212152 0.02440170000000001 -0.01987753333333333 0.03042306666666666 -0.02080923333333333 1 0.04003976666666666 0.03406306666666667 0.008573666666666669 0.03756306666666667 -0.009279633333333325 0.001909299999999999 0.01103136666666666 0.04507913333333334 0.06899736666666668 0.0326924
 -0.01164126666666666 -0.0006371333333333361 -0.02095513333333333 -0.01055113333333333 0.005558966666666666 0.02436963333333333 0.01662933333333334 0.03163013333333333 0.04219563333333334 -0.009822233333333335 0.04003976666666666 1 -0.004447466666666667 -0.0123985 -0.0221455 0.03776053333333333 0.01759843333333333 0.01821146666666667 0.02439216666666667 0.006334233333333337 0.01469853333333333
 -0.02536633333333333 -0.05719900000000001 -0.04469046666666666 -0.0129054 0.01380153333333334 -0.06401373333333332 0.0366478 0.01808183333333334 -0.01552393333333333 -0.004873333333333328 0.03406306666666667 -0.004447466666666667 1 -0.01417633333333334 -0.001335733333333337 0.007355166666666664 0.01295586666666667 0.04492330000000001 0.05954883333333332 0.06394683333333333 0.03987376666666666
 -0.0124317 -0.05365913333333334 -0.06765573333333333 -0.01483643333333333 -0.009889000000000004 -0.003950699999999999 0.06093186666666666 -0.02848613333333333 -0.03160206666666666 -0.0430362 0.008573666666666669 -0.0123985 -0.01417633333333334 1 0.02060963333333334 0.01204946666666667 0.009986866666666667 0.05185153333333332 0.08003750000000001 0.0644149 0.02539653333333333
 -0.02712423333333333 -0.03710420000000001 -0.07681253333333332 -0.03608516666666668 -0.003521666666666666 -0.02242486666666667 -0.005348466666666664 -0.02741973333333333 -0.01079066666666667 -0.009022566666666672 0.03756306666666667 -0.0221455 -0.001335733333333337 0.02060963333333334 1 0.008304066666666672 0.01855840000000001 0.05782580000000001 0.08415343333333333 0.05177016666666666 0.0366211
 -0.03261646666666666 -0.01904333333333333 0.03027086666666667 -0.005251066666666665 0.004406633333333336 -0.0007435999999999989 0.007117299999999998 0.002529933333333326 0.0077786 -0.02731233333333333 -0.009279633333333325 0.03776053333333333 0.007355166666666664 0.01204946666666667 0.008304066666666672 1 0.005123033333333334 0.0143626 -0.007594366666666673 0.0206359 0.02916180000000001
 0.1709237333333334 0.1433899 0.08651866666666666 0.1520664 -0.0008882333333333335 0.006259366666666667 0.0008321333333333343 -0.002091533333333333 0.01184756666666666 0.01092143333333333 0.001909299999999999 0.01759843333333333 0.01295586666666667 0.009986866666666667 0.01855840000000001 0.005123033333333334 1 -0.002339733333333334 0.02231746666666667 -0.08754160000000002 -0.1672938333333333
 0.1261357666666666 0.06420606666666667 0.02313403333333334 -0.6039265666666668 -0.004462166666666667 0.02220423333333333 0.0377836 0.01008576666666667 0.03863033333333333 0.0087797 0.01103136666666666 0.01821146666666667 0.04492330000000001 0.05185153333333332 0.05782580000000001 0.0143626 -0.002339733333333334 1 0.1439769666666667 0.02940106666666667 -0.07536096666666667
 0.05035539999999998 -0.02309673333333334 -0.7095957666666667 -0.0276716 0.0365907 0.009944600000000001 0.03474366666666668 0.02073593333333334 0.04694179999999999 0.02508953333333334 0.04507913333333334 0.02439216666666667 0.05954883333333332 0.08003750000000001 0.08415343333333333 -0.007594366666666673 0.02231746666666667 0.1439769666666667 1 0.1211696 0.009725700000000002
 -0.08175763333333336 -0.8373176999999997 -0.1001193666666666 0.03646959999999999 0.0042798 -0.009596333333333333 0.0155922 0.02784029999999999 0.0388507 0.01985666666666667 0.06899736666666668 0.006334233333333337 0.06394683333333333 0.0644149 0.05177016666666666 0.0206359 -0.08754160000000002 0.02940106666666667 0.1211696 1 0.1347402333333333
