# Created by Octave 3.8.2, Tue May 05 11:25:51 2015 BRT <gianarch@localhost>
# name: a
# type: matrix
# rows: 21
# columns: 21
 1 0.2434607000000001 0.1696171 0.007683433333333331 0.023437 -0.02844859999999999 -0.01067256666666667 -0.04224056666666667 -0.03645466666666666 -0.01018913333333333 -0.05197339999999999 -0.05630003333333334 -0.04640783333333333 -0.07613529999999998 -0.05397763333333334 -0.06457126666666667 0.1254161 0.0519448 -0.07213386666666667 -0.1338277 -0.9200109
 0.2434607000000001 1 0.133639 0.03805933333333333 0.0142921 -0.0224932 0.01495676666666667 -0.007876700000000002 -0.02327286666666667 -0.008381100000000001 -0.06213726666666666 -0.03179743333333334 -0.01424453333333333 -0.07359739999999999 -0.07542236666666667 -0.05330806666666667 0.1813898333333333 0.0731141 0.02079206666666667 -0.8538701000000001 -0.2552516
 0.1696171 0.133639 1 0.05714160000000001 -0.0006513999999999995 -0.04563516666666667 -0.0260655 -0.0112863 -0.02345833333333334 -0.005011600000000001 -0.05643563333333333 -0.0712663 -0.04976416666666668 -0.07190000000000001 -0.07813046666666665 -0.06234643333333334 0.2186618666666667 0.08552759999999998 -0.7431188 -0.1408341 -0.191538
 0.007683433333333331 0.03805933333333333 0.05714160000000001 1 0.0254625 -0.03330283333333332 -0.008547666666666667 0.0131549 0.002365299999999998 -0.007072166666666667 -0.001235433333333332 -0.01505386666666667 -0.001114933333333333 -0.02899356666666667 -0.05773233333333332 -0.03967850000000001 0.3829019333333334 -0.6257448333333334 -0.07438260000000001 -0.066251 -0.02630396666666667
 0.023437 0.0142921 -0.0006513999999999995 0.0254625 1 -0.03126549999999999 -0.0029291 0.02157109999999999 -0.01459406666666667 0.04426816666666668 0.02012803333333334 -0.008100099999999999 0.01149446666666666 -0.02173246666666667 0.005974100000000006 -0.01641433333333333 -6.426666666666526e-05 -0.01761786666666667 -0.004444933333333332 -0.0114448 -0.02250006666666667
 -0.02844859999999999 -0.0224932 -0.04563516666666667 -0.03330283333333332 -0.03126549999999999 1 -0.01284256666666667 -0.004856933333333333 0.0231319 0.01618686666666666 0.01377926666666667 0.009521933333333335 0.006140633333333336 -0.0216437 -0.01803180000000001 0.04256296666666667 -0.0104045 0.02871616666666667 0.03786406666666666 0.02292363333333334 0.0302284
 -0.01067256666666667 0.01495676666666667 -0.0260655 -0.008547666666666667 -0.0029291 -0.01284256666666667 1 0.05409103333333333 0.02145776666666666 -0.007757300000000001 -0.009691799999999997 0.0464272 0.03301416666666667 0.03069956666666667 -0.03884336666666667 -0.0084361 -0.006134166666666668 0.01898723333333334 0.03000176666666666 -0.007248799999999997 0.01345643333333333
 -0.04224056666666667 -0.007876700000000002 -0.0112863 0.0131549 0.02157109999999999 -0.004856933333333333 0.05409103333333333 1 0.0210228 -0.02874816666666665 -0.0428695 0.0187047 0.03641806666666667 0.01824716666666666 0.002132533333333331 -0.0166369 0.01205446666666667 7.023333333333603e-05 0.02106443333333334 0.01019103333333333 0.04380386666666667
 -0.03645466666666666 -0.02327286666666667 -0.02345833333333334 0.002365299999999998 -0.01459406666666667 0.0231319 0.02145776666666666 0.0210228 1 0.04004846666666668 -0.002736966666666661 -0.004481333333333326 0.005456333333333333 -0.03335453333333333 -0.01774766666666667 -0.005166966666666669 -0.0005980999999999984 0.00720736666666667 0.02354333333333334 0.0236767 0.03704090000000002
 -0.01018913333333333 -0.008381100000000001 -0.005011600000000001 -0.007072166666666667 0.04426816666666668 0.01618686666666666 -0.007757300000000001 -0.02874816666666665 0.04004846666666668 1 -0.007146166666666671 0.002395433333333333 -0.02800716666666666 -0.01827693333333334 -0.009948999999999996 -0.01121996666666667 0.005941066666666665 0.01270956666666667 0.0115731 0.0115014 0.0136601
 -0.05197339999999999 -0.06213726666666666 -0.05643563333333333 -0.001235433333333332 0.02012803333333334 0.01377926666666667 -0.009691799999999997 -0.0428695 -0.002736966666666661 -0.007146166666666671 1 0.02841666666666666 0.02101763333333334 0.006760666666666664 0.003411000000000001 0.02810360000000001 0.005586433333333334 0.004290800000000002 0.05097013333333333 0.0644956 0.05383556666666667
 -0.05630003333333334 -0.03179743333333334 -0.0712663 -0.01505386666666667 -0.008100099999999999 0.009521933333333335 0.0464272 0.0187047 -0.004481333333333326 0.002395433333333333 0.02841666666666666 1 -0.01101636666666667 -0.009169400000000001 -0.0295416 0.05104453333333335 0.01349566666666667 0.02506896666666667 0.07250163333333333 0.0380013 0.05993826666666666
 -0.04640783333333333 -0.01424453333333333 -0.04976416666666668 -0.001114933333333333 0.01149446666666666 0.006140633333333336 0.03301416666666667 0.03641806666666667 0.005456333333333333 -0.02800716666666666 0.02101763333333334 -0.01101636666666667 1 0.03302156666666668 0.003615800000000001 0.0123094 0.0157659 0.0170984 0.05671453333333334 0.0249679 0.05050433333333334
 -0.07613529999999998 -0.07359739999999999 -0.07190000000000001 -0.02899356666666667 -0.02173246666666667 -0.0216437 0.03069956666666667 0.01824716666666666 -0.03335453333333333 -0.01827693333333334 0.006760666666666664 -0.009169400000000001 0.03302156666666668 1 0.01241843333333333 0.02818016666666667 0.004605300000000001 0.04005693333333334 0.07255530000000002 0.0804986 0.08340263333333332
 -0.05397763333333334 -0.07542236666666667 -0.07813046666666665 -0.05773233333333332 0.005974100000000006 -0.01803180000000001 -0.03884336666666667 0.002132533333333331 -0.01774766666666667 -0.009948999999999996 0.003411000000000001 -0.0295416 0.003615800000000001 0.01241843333333333 1 -0.0004083666666666643 0.001017800000000001 0.07086410000000001 0.0889724333333333 0.09021753333333334 0.06648106666666666
 -0.06457126666666667 -0.05330806666666667 -0.06234643333333334 -0.03967850000000001 -0.01641433333333333 0.04256296666666667 -0.0084361 -0.0166369 -0.005166966666666669 -0.01121996666666667 0.02810360000000001 0.05104453333333335 0.0123094 0.02818016666666667 -0.0004083666666666643 1 0.003436400000000001 0.04731826666666667 0.07603563333333335 0.06668693333333332 0.07043120000000001
 0.1254161 0.1813898333333333 0.2186618666666667 0.3829019333333334 -6.426666666666526e-05 -0.0104045 -0.006134166666666668 0.01205446666666667 -0.0005980999999999984 0.005941066666666665 0.005586433333333334 0.01349566666666667 0.0157659 0.004605300000000001 0.001017800000000001 0.003436400000000001 1 -0.08967606666666668 -0.0648087 -0.1053719666666667 -0.126996
 0.0519448 0.0731141 0.08552759999999998 -0.6257448333333334 -0.01761786666666667 0.02871616666666667 0.01898723333333334 7.023333333333603e-05 0.00720736666666667 0.01270956666666667 0.004290800000000002 0.02506896666666667 0.0170984 0.04005693333333334 0.07086410000000001 0.04731826666666667 -0.08967606666666668 1 0.09256060000000001 0.02298796666666666 -0.02099293333333333
 -0.07213386666666667 0.02079206666666667 -0.7431188 -0.07438260000000001 -0.004444933333333332 0.03786406666666666 0.03000176666666666 0.02106443333333334 0.02354333333333334 0.0115731 0.05097013333333333 0.07250163333333333 0.05671453333333334 0.07255530000000002 0.0889724333333333 0.07603563333333335 -0.0648087 0.09256060000000001 1 0.0807467 0.1110278666666666
 -0.1338277 -0.8538701000000001 -0.1408341 -0.066251 -0.0114448 0.02292363333333334 -0.007248799999999997 0.01019103333333333 0.0236767 0.0115014 0.0644956 0.0380013 0.0249679 0.0804986 0.09021753333333334 0.06668693333333332 -0.1053719666666667 0.02298796666666666 0.0807467 1 0.1619586333333334
 -0.9200109 -0.2552516 -0.191538 -0.02630396666666667 -0.02250006666666667 0.0302284 0.01345643333333333 0.04380386666666667 0.03704090000000002 0.0136601 0.05383556666666667 0.05993826666666666 0.05050433333333334 0.08340263333333332 0.06648106666666666 0.07043120000000001 -0.126996 -0.02099293333333333 0.1110278666666666 0.1619586333333334 1


