# Created by Octave 3.8.2, Tue May 05 11:25:52 2015 BRT <gianarch@localhost>
# name: a
# type: matrix
# rows: 21
# columns: 21
 1 0.2676334333333333 0.2011260666666667 0.04316710000000001 0.02687633333333334 -0.05752586666666666 -0.0118992 -0.05876703333333334 -0.03519753333333334 -0.0171823 -0.0697058 -0.06833843333333335 -0.05649596666666667 -0.08959990000000002 -0.06628316666666666 -0.08018543333333332 0.1249538 0.0362741 -0.09123536666666666 -0.1544158 -0.9189613999999998
 0.2676334333333333 1 0.1511286666666666 0.04824399999999998 0.02650376666666666 -0.02768243333333334 0.00956266666666666 0.007083866666666667 -0.02847853333333333 -0.006635266666666665 -0.06281639999999999 -0.04449443333333333 -0.02267463333333333 -0.06947413333333333 -0.07220146666666667 -0.0717025 0.1891374666666667 0.08094930000000002 0.0129431 -0.8472916 -0.2792585666666667
 0.2011260666666667 0.1511286666666666 1 0.06242296666666668 0.0173036 -0.05728239999999999 -0.01491723333333333 -0.02120923333333332 -0.0203929 0.006146266666666658 -0.061823 -0.06760009999999998 -0.05300043333333333 -0.07056353333333334 -0.06763053333333335 -0.07216843333333332 0.2396735 0.1018605666666667 -0.7376821333333332 -0.1468977 -0.2237035999999999
 0.04316710000000001 0.04824399999999998 0.06242296666666668 1 0.02498366666666667 -0.04760083333333334 -0.017613 0.001498499999999999 -0.000916533333333333 -0.0108364 -0.002993833333333337 -0.02899403333333333 -0.002803899999999999 -0.03393283333333333 -0.04392556666666667 -0.04575586666666667 0.4097964666666666 -0.6183155666666666 -0.07180833333333332 -0.06438430000000001 -0.06350873333333333
 0.02687633333333334 0.02650376666666666 0.0173036 0.02498366666666667 1 -0.02001013333333334 0.004518266666666665 0.0001224999999999995 -0.03638113333333334 0.07384976666666666 0.03152626666666667 -0.02579783333333334 0.006997766666666667 -0.01883186666666667 0.008152699999999999 -0.01326883333333333 0.0148408 -0.008064199999999999 -0.01001366666666667 -0.01878706666666667 -0.0250778
 -0.05752586666666666 -0.02768243333333334 -0.05728239999999999 -0.04760083333333334 -0.02001013333333334 1 0.0009022000000000017 -0.004073166666666669 0.02483279999999999 0.008758933333333333 0.03634910000000002 0.0130758 0.02277153333333333 -0.02545283333333333 -0.004915033333333335 0.04972029999999999 -0.02194706666666666 0.03979706666666667 0.0508756 0.02731479999999999 0.05983946666666666
 -0.0118992 0.00956266666666666 -0.01491723333333333 -0.017613 0.004518266666666665 0.0009022000000000017 1 0.05716820000000001 0.01761266666666667 0.0009636333333333367 -0.02036193333333333 0.05323606666666666 0.03635093333333334 0.02888443333333333 -0.03772706666666667 -0.006109666666666663 -0.0003251333333333329 0.02651473333333332 0.02072003333333334 -0.0007219333333333313 0.01469009999999999
 -0.05876703333333334 0.007083866666666667 -0.02120923333333332 0.001498499999999999 0.0001224999999999995 -0.004073166666666669 0.05716820000000001 1 0.04543970000000001 -0.0215836 -0.02510869999999999 0.01114030000000001 0.01973693333333333 0.0267725 -0.003334533333333334 -0.008889699999999999 0.01017763333333333 0.0121964 0.03223343333333333 -0.004471233333333332 0.05822943333333334
 -0.03519753333333334 -0.02847853333333333 -0.0203929 -0.000916533333333333 -0.03638113333333334 0.02483279999999999 0.01761266666666667 0.04543970000000001 1 0.02544633333333333 -0.004510733333333333 -0.01277036666666667 0.007298966666666669 -0.0143959 -0.0291173 0.01179006666666666 -0.001885733333333334 0.006820933333333334 0.0195594 0.02968896666666667 0.0353885
 -0.0171823 -0.006635266666666665 0.006146266666666658 -0.0108364 0.07384976666666666 0.008758933333333333 0.0009636333333333367 -0.0215836 0.02544633333333333 1 -0.004471800000000002 0.005045799999999999 -0.02520643333333334 -0.01854456666666666 -0.01537063333333334 -0.007089400000000001 0.01038796666666667 0.02088543333333334 0.006422233333333332 0.007229033333333328 0.02133453333333334
 -0.0697058 -0.06281639999999999 -0.061823 -0.002993833333333337 0.03152626666666667 0.03634910000000002 -0.02036193333333333 -0.02510869999999999 -0.004510733333333333 -0.004471800000000002 1 0.0182626 0.0164494 -0.0062349 0.01390203333333332 0.02439236666666666 0.004241166666666666 0.004310033333333334 0.05433083333333332 0.06198666666666666 0.07144976666666668
 -0.06833843333333335 -0.04449443333333333 -0.06760009999999998 -0.02899403333333333 -0.02579783333333334 0.0130758 0.05323606666666666 0.01114030000000001 -0.01277036666666667 0.005045799999999999 0.0182626 1 -0.0075691 -0.003664233333333337 -0.01403993333333333 0.04708613333333333 0.007030900000000001 0.0370221 0.06917230000000001 0.04852786666666664 0.07133603333333334
 -0.05649596666666667 -0.02267463333333333 -0.05300043333333333 -0.002803899999999999 0.006997766666666667 0.02277153333333333 0.03635093333333334 0.01973693333333333 0.007298966666666669 -0.02520643333333334 0.0164494 -0.0075691 1 0.04308176666666665 0.02088449999999999 0.009911666666666668 0.01982496666666667 0.01541983333333334 0.05918426666666667 0.03253983333333332 0.0581016
 -0.08959990000000002 -0.06947413333333333 -0.07056353333333334 -0.03393283333333333 -0.01883186666666667 -0.02545283333333333 0.02888443333333333 0.0267725 -0.0143959 -0.01854456666666666 -0.0062349 -0.003664233333333337 0.04308176666666665 1 0.01623533333333333 0.04032623333333334 0.003751499999999999 0.04278766666666668 0.07800489999999999 0.07465486666666665 0.09689666666666669
 -0.06628316666666666 -0.07220146666666667 -0.06763053333333335 -0.04392556666666667 0.008152699999999999 -0.004915033333333335 -0.03772706666666667 -0.003334533333333334 -0.0291173 -0.01537063333333334 0.01390203333333332 -0.01403993333333333 0.02088449999999999 0.01623533333333333 1 0.01334846666666666 0.006684000000000001 0.05879450000000001 0.08055903333333335 0.0852106666666667 0.07748386666666665
 -0.08018543333333332 -0.0717025 -0.07216843333333332 -0.04575586666666667 -0.01326883333333333 0.04972029999999999 -0.006109666666666663 -0.008889699999999999 0.01179006666666666 -0.007089400000000001 0.02439236666666666 0.04708613333333333 0.009911666666666668 0.04032623333333334 0.01334846666666666 1 -0.004683399999999996 0.05301043333333333 0.08342383333333335 0.08243906666666669 0.0869065
 0.1249538 0.1891374666666667 0.2396735 0.4097964666666666 0.0148408 -0.02194706666666666 -0.0003251333333333329 0.01017763333333333 -0.001885733333333334 0.01038796666666667 0.004241166666666666 0.007030900000000001 0.01982496666666667 0.003751499999999999 0.006684000000000001 -0.004683399999999996 1 -0.09664310000000001 -0.07930180000000001 -0.1104096666666667 -0.1288426333333333
 0.0362741 0.08094930000000002 0.1018605666666667 -0.6183155666666666 -0.008064199999999999 0.03979706666666667 0.02651473333333332 0.0121964 0.006820933333333334 0.02088543333333334 0.004310033333333334 0.0370221 0.01541983333333334 0.04278766666666668 0.05879450000000001 0.05301043333333333 -0.09664310000000001 1 0.08354536666666669 0.0206843 -0.0042157
 -0.09123536666666666 0.0129431 -0.7376821333333332 -0.07180833333333332 -0.01001366666666667 0.0508756 0.02072003333333334 0.03223343333333333 0.0195594 0.006422233333333332 0.05433083333333332 0.06917230000000001 0.05918426666666667 0.07800489999999999 0.08055903333333335 0.08342383333333335 -0.07930180000000001 0.08354536666666669 1 0.09450280000000001 0.1315936333333333
 -0.1544158 -0.8472916 -0.1468977 -0.06438430000000001 -0.01878706666666667 0.02731479999999999 -0.0007219333333333313 -0.004471233333333332 0.02968896666666667 0.007229033333333328 0.06198666666666666 0.04852786666666664 0.03253983333333332 0.07465486666666665 0.0852106666666667 0.08243906666666669 -0.1104096666666667 0.0206843 0.09450280000000001 1 0.1841929
