# Created by Octave 3.8.2, Tue May 05 11:25:52 2015 BRT <gianarch@localhost>
# name: a
# type: matrix
# rows: 21
# columns: 21
 1 0.3853859666666667 0.2841090333333333 0.06311756666666665 0.03846593333333333 -0.08289036666666666 -0.01620886666666668 -0.08609746666666671 -0.05207053333333334 -0.02500996666666666 -0.09981429999999999 -0.09723103333333334 -0.08246406666666665 -0.1273997 -0.09848533333333333 -0.1164921333333333 0.1651759666666666 0.03539393333333333 -0.1356228333333333 -0.2219171333333333 -0.9858819999999999
 0.3853859666666667 1 0.2184809 0.06797250000000001 0.03819856666666667 -0.03943856666666665 0.0145218 0.01321830000000001 -0.04215333333333334 -0.01075716666666667 -0.09203429999999999 -0.06564376666666667 -0.03258456666666668 -0.1008338333333334 -0.1053047 -0.1064131666666667 0.2434771 0.09063816666666666 -0.005909499999999998 -0.8826636000000002 -0.4059705333333334
 0.2841090333333333 0.2184809 1 0.07981336666666668 0.02438736666666666 -0.08212529999999997 -0.0219064 -0.03144243333333333 -0.02852349999999998 0.009311199999999995 -0.0901643 -0.09899199999999998 -0.0781891666666667 -0.09985813333333332 -0.09693176666666665 -0.1053934666666667 0.2861673 0.1129485333333334 -0.8001370333333334 -0.2179979 -0.3186925666666667
 0.06311756666666665 0.06797250000000001 0.07981336666666668 1 0.03631553333333334 -0.06731366666666667 -0.02443123333333334 0.00280776666666667 -2.106666666666946e-05 -0.01663833333333333 -0.00371103333333333 -0.0408842 -0.003747899999999998 -0.04812596666666665 -0.06310313333333332 -0.06543516666666666 0.4479880333333334 -0.7017364333333335 -0.1015699666666667 -0.09658573333333337 -0.09643649999999999
 0.03846593333333333 0.03819856666666667 0.02438736666666666 0.03631553333333334 1 -0.02818073333333334 0.005890333333333333 0.0009553333333333311 -0.0510006 0.1064268666666667 0.04640953333333334 -0.03723326666666667 0.01028953333333333 -0.02758070000000001 0.0118661 -0.01966973333333334 0.02198083333333333 -0.01234413333333333 -0.01444496666666667 -0.02747386666666667 -0.03709803333333333
 -0.08289036666666666 -0.03943856666666665 -0.08212529999999997 -0.06731366666666667 -0.02818073333333334 1 0.000687033333333335 -0.005922866666666667 0.03671906666666667 0.0146805 0.05301236666666668 0.01930483333333333 0.03266569999999999 -0.036114 -0.007483566666666669 0.07291966666666667 -0.02921516666666667 0.05884966666666668 0.07532849999999999 0.0391109 0.08738273333333332
 -0.01620886666666668 0.0145218 -0.0219064 -0.02443123333333334 0.005890333333333333 0.000687033333333335 1 0.0816517333333333 0.02487463333333332 0.001486599999999995 -0.02843773333333334 0.07622363333333335 0.0532816 0.04113306666666668 -0.05371616666666666 -0.009945866666666666 0.001640733333333333 0.03793943333333331 0.03133563333333334 -0.001412666666666666 0.02070329999999999
 -0.08609746666666671 0.01321830000000001 -0.03144243333333333 0.00280776666666667 0.0009553333333333311 -0.005922866666666667 0.0816517333333333 1 0.06608923333333333 -0.03140633333333333 -0.03711953333333334 0.0167966 0.02958933333333334 0.03862853333333334 -0.005227066666666667 -0.01373426666666666 0.0167179 0.0177171 0.04851433333333335 -0.008921966666666668 0.08673879999999999
 -0.05207053333333334 -0.04215333333333334 -0.02852349999999998 -2.106666666666946e-05 -0.0510006 0.03671906666666667 0.02487463333333332 0.06608923333333333 1 0.0369396 -0.006369000000000001 -0.01875006666666666 0.0111805 -0.0206363 -0.04174623333333334 0.01666766666666667 0.0002364333333333311 0.008948133333333334 0.02791776666666667 0.04428596666666667 0.05337523333333336
 -0.02500996666666666 -0.01075716666666667 0.009311199999999995 -0.01663833333333333 0.1064268666666667 0.0146805 0.001486599999999995 -0.03140633333333333 0.0369396 1 -0.005968666666666664 0.007104299999999999 -0.03712420000000001 -0.02693296666666667 -0.02275586666666667 -0.01074713333333334 0.01614076666666667 0.03182516666666666 0.009025099999999999 0.0112728 0.03037663333333334
 -0.09981429999999999 -0.09203429999999999 -0.0901643 -0.00371103333333333 0.04640953333333334 0.05301236666666668 -0.02843773333333334 -0.03711953333333334 -0.006369000000000001 -0.005968666666666664 1 0.02579446666666667 0.02465116666666667 -0.008798499999999996 0.01983356666666667 0.03435053333333334 0.008173666666666657 0.006251033333333326 0.08067086666666667 0.09212179999999999 0.1025203666666667
 -0.09723103333333334 -0.06564376666666667 -0.09899199999999998 -0.0408842 -0.03723326666666667 0.01930483333333333 0.07622363333333335 0.0167966 -0.01875006666666666 0.007104299999999999 0.02579446666666667 1 -0.01100803333333332 -0.005741866666666662 -0.02072523333333333 0.06780793333333331 0.01350676666666666 0.05450456666666666 0.1030215 0.07201486666666668 0.1021339333333333
 -0.08246406666666665 -0.03258456666666668 -0.0781891666666667 -0.003747899999999998 0.01028953333333333 0.03266569999999999 0.0532816 0.02958933333333334 0.0111805 -0.03712420000000001 0.02465116666666667 -0.01100803333333332 1 0.06285763333333333 0.03071483333333333 0.0137993 0.03167756666666666 0.0225206 0.08818426666666666 0.04726870000000001 0.08558906666666667
 -0.1273997 -0.1008338333333334 -0.09985813333333332 -0.04812596666666665 -0.02758070000000001 -0.036114 0.04113306666666668 0.03862853333333334 -0.0206363 -0.02693296666666667 -0.008798499999999996 -0.005741866666666662 0.06285763333333333 1 0.02471743333333333 0.05794690000000001 0.01142516666666667 0.06362543333333333 0.1123064666666667 0.1092689333333334 0.1384963333333333
 -0.09848533333333333 -0.1053047 -0.09693176666666665 -0.06310313333333332 0.0118661 -0.007483566666666669 -0.05371616666666666 -0.005227066666666667 -0.04174623333333334 -0.02275586666666667 0.01983356666666667 -0.02072523333333333 0.03071483333333333 0.02471743333333333 1 0.01983686666666667 0.0141994 0.08807566666666666 0.1176768333333334 0.1251103 0.1158384333333334
 -0.1164921333333333 -0.1064131666666667 -0.1053934666666667 -0.06543516666666666 -0.01966973333333334 0.07291966666666667 -0.009945866666666666 -0.01373426666666666 0.01666766666666667 -0.01074713333333334 0.03435053333333334 0.06780793333333331 0.0137993 0.05794690000000001 0.01983686666666667 1 -0.003198633333333332 0.0773499 0.1231415 0.1228737333333333 0.1261978666666666
 0.1651759666666666 0.2434771 0.2861673 0.4479880333333334 0.02198083333333333 -0.02921516666666667 0.001640733333333333 0.0167179 0.0002364333333333311 0.01614076666666667 0.008173666666666657 0.01350676666666666 0.03167756666666666 0.01142516666666667 0.0141994 -0.003198633333333332 1 -0.09048553333333334 -0.0738616 -0.1323656 -0.1825976666666667
 0.03539393333333333 0.09063816666666666 0.1129485333333334 -0.7017364333333335 -0.01234413333333333 0.05884966666666668 0.03793943333333331 0.0177171 0.008948133333333334 0.03182516666666666 0.006251033333333326 0.05450456666666666 0.0225206 0.06362543333333333 0.08807566666666666 0.0773499 -0.09048553333333334 1 0.1451898 0.06319096666666668 0.0101519
 -0.1356228333333333 -0.005909499999999998 -0.8001370333333334 -0.1015699666666667 -0.01444496666666667 0.07532849999999999 0.03133563333333334 0.04851433333333335 0.02791776666666667 0.009025099999999999 0.08067086666666667 0.1030215 0.08818426666666666 0.1123064666666667 0.1176768333333334 0.1231415 -0.0738616 0.1451898 1 0.1604527666666667 0.1858837333333333
 -0.2219171333333333 -0.8826636000000002 -0.2179979 -0.09658573333333337 -0.02747386666666667 0.0391109 -0.001412666666666666 -0.008921966666666668 0.04428596666666667 0.0112728 0.09212179999999999 0.07201486666666668 0.04726870000000001 0.1092689333333334 0.1251103 0.1228737333333333 -0.1323656 0.06319096666666668 0.1604527666666667 1 0.2531637333333334
