# Created by Octave 3.8.2, Tue May 05 11:25:52 2015 BRT <gianarch@localhost>
# name: a
# type: matrix
# rows: 21
# columns: 21
 1 0.4503178666666667 0.2938945 0.1345445666666667 0.05833886666666668 -0.1173710333333334 -0.03280323333333334 -0.09418093333333337 -0.08424133333333335 -0.03968833333333334 -0.1309922333333334 -0.1576254333333334 -0.1028531333333333 -0.1584307 -0.1511420666666667 -0.1351600333333333 0.1234701 -0.03049333333333333 -0.1440818666666666 -0.2948719666666667 -0.9704725333333332
 0.4503178666666667 1 0.2066252666666666 0.09694520000000001 0.06198230000000001 -0.03350463333333335 0.006316333333333332 -0.0224835 -0.06706173333333333 -0.01680393333333333 -0.1225880333333333 -0.0920199 -0.06134143333333334 -0.1051353666666667 -0.1493536333333333 -0.1388453333333333 0.2365807666666667 0.06185379999999999 0.01165503333333334 -0.8840181333333331 -0.4816471666666667
 0.2938945 0.2066252666666666 1 0.06327969999999999 0.0164146 -0.08558703333333334 -0.0336893 -0.03346696666666667 -0.04689943333333334 -0.0110292 -0.08708160000000002 -0.1328076666666667 -0.08153063333333334 -0.1031046 -0.1037663666666667 -0.09337413333333329 0.31755 0.1417788333333333 -0.7806604 -0.2113494666666666 -0.3388017333333334
 0.1345445666666667 0.09694520000000001 0.06327969999999999 1 0.0160808 -0.06310083333333331 -0.008493599999999997 -0.01690786666666667 -0.01360140000000001 -0.03307606666666665 -0.02006043333333334 -0.0681186 -0.05206140000000001 -0.0571745 -0.07971283333333333 -0.06014593333333332 0.4169452333333334 -0.6818914999999998 -0.06663409999999999 -0.116818 -0.1799570666666667
 0.05833886666666668 0.06198230000000001 0.0164146 0.0160808 1 -0.005112400000000002 -0.0009546666666666741 -0.01694853333333333 -0.04861073333333333 0.09465006666666669 0.03566063333333333 -0.0288402 0.01477513333333334 -0.02141966666666667 0.01848876666666667 0.01518123333333333 0.03378613333333334 0.02391113333333334 0.0116081 -0.03297456666666666 -0.05429229999999999
 -0.1173710333333334 -0.03350463333333335 -0.08558703333333334 -0.06310083333333331 -0.005112400000000002 1 0.01012696666666666 -0.01529023333333333 0.05799789999999998 -0.005293066666666665 0.05292493333333334 0.0292528 0.0382458 -0.03028523333333333 0.005667099999999995 0.06556723333333332 -0.007465133333333331 0.07282443333333334 0.08756530000000003 0.04104803333333334 0.1228483666666667
 -0.03280323333333334 0.006316333333333332 -0.0336893 -0.008493599999999997 -0.0009546666666666741 0.01012696666666666 1 0.07378356666666668 -0.01511123333333333 0.004951433333333333 -0.02151589999999999 0.04741213333333336 0.05863183333333333 0.03983166666666666 -0.03225466666666666 -0.007356566666666672 0.02147806666666667 0.006284399999999997 0.04053636666666667 -0.006062333333333335 0.0301442
 -0.09418093333333337 -0.0224835 -0.03346696666666667 -0.01690786666666667 -0.01694853333333333 -0.01529023333333333 0.07378356666666668 1 0.06156963333333332 -0.03129333333333333 -0.0109761 -0.001101066666666658 0.0370437 0.03382496666666666 -0.0008419999999999992 -0.003859599999999995 0.000739833333333334 0.02453246666666667 0.04650323333333332 0.01815029999999999 0.09343996666666667
 -0.08424133333333335 -0.06706173333333333 -0.04689943333333334 -0.01360140000000001 -0.04861073333333333 0.05799789999999998 -0.01511123333333333 0.06156963333333332 1 0.01919843333333333 0.01145486666666666 0.01108436666666667 0.01141556666666666 -0.005806100000000007 -0.0173551 0.04072456666666666 0.001047066666666666 0.006524166666666658 0.0438742 0.0615083 0.08398609999999998
 -0.03968833333333334 -0.01680393333333333 -0.0110292 -0.03307606666666665 0.09465006666666669 -0.005293066666666665 0.004951433333333333 -0.03129333333333333 0.01919843333333333 1 -0.002051800000000002 0.01179596666666666 -0.03085783333333334 -0.004141433333333333 -0.0082472 -0.0235218 0.01021396666666667 0.03336986666666666 0.03428013333333333 0.02506616666666667 0.04987300000000001
 -0.1309922333333334 -0.1225880333333333 -0.08708160000000002 -0.02006043333333334 0.03566063333333333 0.05292493333333334 -0.02151589999999999 -0.0109761 0.01145486666666666 -0.002051800000000002 1 0.01616643333333333 0.02764979999999998 0.02078256666666666 0.03020393333333334 0.07019643333333335 0.01741733333333333 0.02526370000000001 0.07785496666666664 0.1178188666666667 0.1369149333333333
 -0.1576254333333334 -0.0920199 -0.1328076666666667 -0.0681186 -0.0288402 0.0292528 0.04741213333333336 -0.001101066666666658 0.01108436666666667 0.01179596666666666 0.01616643333333333 1 -0.004077699999999995 0.01436609999999999 0.000857200000000002 0.0576373 0.003055133333333336 0.05843083333333333 0.1196860333333333 0.08425523333333332 0.1623200666666667
 -0.1028531333333333 -0.06134143333333334 -0.08153063333333334 -0.05206140000000001 0.01477513333333334 0.0382458 0.05863183333333333 0.0370437 0.01141556666666666 -0.03085783333333334 0.02764979999999998 -0.004077699999999995 1 0.05258773333333332 0.06078886666666668 0.02160173333333333 0.0244113 0.06657356666666665 0.1001108333333333 0.08519736666666665 0.1111031666666667
 -0.1584307 -0.1051353666666667 -0.1031046 -0.0571745 -0.02141966666666667 -0.03028523333333333 0.03983166666666666 0.03382496666666666 -0.005806100000000007 -0.004141433333333333 0.02078256666666666 0.01436609999999999 0.05258773333333332 1 0.040785 0.0478075 0.001745233333333333 0.07758766666666664 0.1167301666666667 0.1127092 0.1705518666666666
 -0.1511420666666667 -0.1493536333333333 -0.1037663666666667 -0.07971283333333333 0.01848876666666667 0.005667099999999995 -0.03225466666666666 -0.0008419999999999992 -0.0173551 -0.0082472 0.03020393333333334 0.000857200000000002 0.06078886666666668 0.040785 1 0.02397036666666667 0.01105673333333333 0.0976252 0.1120550666666667 0.1612907333333333 0.1689089666666667
 -0.1351600333333333 -0.1388453333333333 -0.09337413333333329 -0.06014593333333332 0.01518123333333333 0.06556723333333332 -0.007356566666666672 -0.003859599999999995 0.04072456666666666 -0.0235218 0.07019643333333335 0.0576373 0.02160173333333333 0.0478075 0.02397036666666667 1 0.0241999 0.09437976666666668 0.1141666 0.1587564 0.1496583666666667
 0.1234701 0.2365807666666667 0.31755 0.4169452333333334 0.03378613333333334 -0.007465133333333331 0.02147806666666667 0.000739833333333334 0.001047066666666666 0.01021396666666667 0.01741733333333333 0.003055133333333336 0.0244113 0.001745233333333333 0.01105673333333333 0.0241999 1 -0.05748176666666665 -0.1125661333333333 -0.1526381333333333 -0.1540653666666667
 -0.03049333333333333 0.06185379999999999 0.1417788333333333 -0.6818914999999998 0.02391113333333334 0.07282443333333334 0.006284399999999997 0.02453246666666667 0.006524166666666658 0.03336986666666666 0.02526370000000001 0.05843083333333333 0.06657356666666665 0.07758766666666664 0.0976252 0.09437976666666668 -0.05748176666666665 1 0.1245076666666667 0.08175526666666669 0.09793206666666662
 -0.1440818666666666 0.01165503333333334 -0.7806604 -0.06663409999999999 0.0116081 0.08756530000000003 0.04053636666666667 0.04650323333333332 0.0438742 0.03428013333333333 0.07785496666666664 0.1196860333333333 0.1001108333333333 0.1167301666666667 0.1120550666666667 0.1141666 -0.1125661333333333 0.1245076666666667 1 0.1481844666666667 0.2149083666666667
 -0.2948719666666667 -0.8840181333333331 -0.2113494666666666 -0.116818 -0.03297456666666666 0.04104803333333334 -0.006062333333333335 0.01815029999999999 0.0615083 0.02506616666666667 0.1178188666666667 0.08425523333333332 0.08519736666666665 0.1127092 0.1612907333333333 0.1587564 -0.1526381333333333 0.08175526666666669 0.1481844666666667 1 0.3530363333333334
 -0.9704725333333332 -0.4816471666666667 -0.3388017333333334 -0.1799570666666667 -0.05429229999999999 0.1228483666666667 0.0301442 0.09343996666666667 0.08398609999999998 0.04987300000000001 0.1369149333333333 0.1623200666666667 0.1111031666666667 0.1705518666666666 0.1689089666666667 0.1496583666666667 -0.1540653666666667 0.09793206666666662 0.2149083666666667 0.3530363333333334 1
