# Created by Octave 3.8.2, Tue May 05 11:25:52 2015 BRT <gianarch@localhost>
# name: a
# type: matrix
# rows: 21
# columns: 21
 1 0.2953236 0.1199236666666667 -0.07573959999999998 0.01269256666666667 -0.002876499999999998 -0.03781300000000001 -0.06283883333333334 -0.06725779999999998 -0.004306033333333331 -0.05747456666666668 -0.04224846666666667 -0.0562614 -0.1033041666666667 -0.0548276 -0.0842464 0.1742482 0.09212996666666666 -0.03646373333333333 -0.1531181333333333 -0.9798683333333335
 0.2953236 1 0.1288917333333334 -0.002512433333333334 0.04214736666666668 0.01517296666666668 -0.003654999999999996 -0.041873 -0.03561026666666667 -0.02857253333333333 -0.06863916666666665 -0.003093899999999998 -0.03302206666666666 -0.1059150333333334 -0.09090709999999996 -0.0576634 0.1995981 0.05814133333333334 -0.00362246666666667 -0.8976352666666668 -0.3292149
 0.1199236666666667 0.1288917333333334 1 0.003825600000000004 -0.03514463333333333 -0.03082403333333334 -0.03255933333333334 -0.02159883333333334 -0.03279940000000001 -0.0227094 -0.07538603333333332 -0.06848446666666666 -0.08018686666666668 -0.1273892 -0.1362830666666666 -0.03453956666666667 0.1793658666666667 0.03757863333333333 -0.8284234666666668 -0.1734532333333333 -0.1661849333333333
 -0.07573959999999998 -0.002512433333333334 0.003825600000000004 1 0.04444983333333333 -0.0338803 -0.01425433333333334 0.00981896666666667 0.01873456666666667 -0.0270188 -0.002748100000000004 -0.0371347 0.0101133 -0.06510363333333333 -0.07428419999999998 -0.0350137 0.2964588 -0.7414409666666668 -0.07637350000000001 -0.05547783333333334 0.03927706666666667
 0.01269256666666667 0.04214736666666668 -0.03514463333333333 0.04444983333333333 1 -0.01298706666666666 0.01189206666666667 0.02382793333333334 -0.02601826666666667 0.0362625 0.0288712 0.002127633333333342 -0.0004784666666666701 -0.008186833333333339 -0.01293360000000001 -0.0317179 0.008476833333333333 -0.02752656666666668 0.0293643 -0.03548109999999999 -0.005512033333333334
 -0.002876499999999998 0.01517296666666668 -0.03082403333333334 -0.0338803 -0.01298706666666666 1 0.01532183333333334 -0.0002744666666666664 0.001343733333333337 0.006121999999999994 -0.008941433333333334 0.05061479999999999 -0.05477530000000001 -0.002616566666666663 -0.0173474 0.01113513333333334 -0.001010166666666666 0.03515139999999999 0.03723926666666667 -0.01008683333333333 0.007054433333333336
 -0.03781300000000001 -0.003654999999999996 -0.03255933333333334 -0.01425433333333334 0.01189206666666667 0.01532183333333334 1 0.01070973333333332 0.0750569333333333 0.02699423333333333 0.04744433333333333 0.05551713333333334 0.02583056666666666 0.0464778 -0.04243573333333332 -0.02050083333333334 0.004220733333333332 0.0259768 0.03544173333333334 0.01377206666666667 0.04008163333333333
 -0.06283883333333334 -0.041873 -0.02159883333333334 0.00981896666666667 0.02382793333333334 -0.0002744666666666664 0.01070973333333332 1 0.006196433333333335 -0.02946066666666667 -0.09123306666666667 0.02381816666666667 0.0055724 0.003508833333333333 -0.008925099999999997 -0.01410976666666667 0.0021404 0.00881546666666666 0.02173373333333333 0.03751136666666667 0.06587903333333336
 -0.06725779999999998 -0.03561026666666667 -0.03279940000000001 0.01873456666666667 -0.02601826666666667 0.001343733333333337 0.0750569333333333 0.006196433333333335 1 0.1041653333333334 0.04127346666666666 -0.00147063333333334 -0.03247653333333335 -0.05854896666666667 -0.0459114 0.01776006666666667 0.01393796666666667 0.01196546666666667 0.03449816666666665 0.04209766666666667 0.06554326666666668
 -0.004306033333333331 -0.02857253333333333 -0.0227094 -0.0270188 0.0362625 0.006121999999999994 0.02699423333333333 -0.02946066666666667 0.1041653333333334 1 -0.0125758 -0.001722500000000005 -0.02408436666666666 -0.03745109999999999 0.0173464 -0.03048843333333333 -0.002135166666666665 0.03394436666666666 0.0244682 0.03149906666666667 0.01442926666666667
 -0.05747456666666668 -0.06863916666666665 -0.07538603333333332 -0.002748100000000004 0.0288712 -0.008941433333333334 0.04744433333333333 -0.09123306666666667 0.04127346666666666 -0.0125758 1 0.05029620000000002 0.06438209999999998 -0.01136616666666666 0.001138099999999996 0.001615300000000005 0.01080513333333333 0.01956793333333333 0.07684626666666668 0.07260780000000003 0.06461543333333335
 -0.04224846666666667 -0.003093899999999998 -0.06848446666666666 -0.0371347 0.002127633333333342 0.05061479999999999 0.05551713333333334 0.02381816666666667 -0.00147063333333334 -0.001722500000000005 0.05029620000000002 1 -0.03001833333333334 0.006753799999999999 -0.03647186666666666 0.06965653333333334 0.0164082 0.05336326666666669 0.08017680000000001 0.02188103333333333 0.0507752
 -0.0562614 -0.03302206666666666 -0.08018686666666668 0.0101133 -0.0004784666666666701 -0.05477530000000001 0.02583056666666666 0.0055724 -0.03247653333333335 -0.02408436666666666 0.06438209999999998 -0.03001833333333334 1 0.02577340000000001 0.01385706666666667 0.005008166666666663 0.02138669999999999 0.02243126666666667 0.07973133333333333 0.04258663333333334 0.066957
 -0.1033041666666667 -0.1059150333333334 -0.1273892 -0.06510363333333333 -0.008186833333333339 -0.002616566666666663 0.0464778 0.003508833333333333 -0.05854896666666667 -0.03745109999999999 -0.01136616666666666 0.006753799999999999 0.02577340000000001 1 0.02543303333333333 0.02825393333333333 0.008847666666666669 0.09282506666666665 0.1297287333333333 0.1154639 0.1200015
 -0.0548276 -0.09090709999999996 -0.1362830666666666 -0.07428419999999998 -0.01293360000000001 -0.0173474 -0.04243573333333332 -0.008925099999999997 -0.0459114 0.0173464 0.001138099999999996 -0.03647186666666666 0.01385706666666667 0.02543303333333333 1 0.02600489999999999 0.01932553333333333 0.1103244 0.1569748333333333 0.1154453333333333 0.07813683333333334
 -0.0842464 -0.0576634 -0.03453956666666667 -0.0350137 -0.0317179 0.01113513333333334 -0.02050083333333334 -0.01410976666666667 0.01776006666666667 -0.03048843333333333 0.001615300000000005 0.06965653333333334 0.005008166666666663 0.02825393333333333 0.02600489999999999 1 0.02948889999999999 0.05191596666666667 0.0544318 0.06268800000000001 0.0903302
 0.1742482 0.1995981 0.1793658666666667 0.2964588 0.008476833333333333 -0.001010166666666666 0.004220733333333332 0.0021404 0.01393796666666667 -0.002135166666666665 0.01080513333333333 0.0164082 0.02138669999999999 0.008847666666666669 0.01932553333333333 0.02948889999999999 1 -0.06707516666666666 -0.02636173333333333 -0.1049182666666667 -0.1853831
 0.09212996666666666 0.05814133333333334 0.03757863333333333 -0.7414409666666668 -0.02752656666666668 0.03515139999999999 0.0259768 0.00881546666666666 0.01196546666666667 0.03394436666666666 0.01956793333333333 0.05336326666666669 0.02243126666666667 0.09282506666666665 0.1103244 0.05191596666666667 -0.06707516666666666 1 0.1714964333333333 0.07783236666666668 -0.03723053333333334
 -0.03646373333333333 -0.00362246666666667 -0.8284234666666668 -0.07637350000000001 0.0293643 0.03723926666666667 0.03544173333333334 0.02173373333333333 0.03449816666666665 0.0244682 0.07684626666666668 0.08017680000000001 0.07973133333333333 0.1297287333333333 0.1569748333333333 0.0544318 -0.02636173333333333 0.1714964333333333 1 0.1434848 0.09956199999999998
 -0.1531181333333333 -0.8976352666666668 -0.1734532333333333 -0.05547783333333334 -0.03548109999999999 -0.01008683333333333 0.01377206666666667 0.03751136666666667 0.04209766666666667 0.03149906666666667 0.07260780000000003 0.02188103333333333 0.04258663333333334 0.1154639 0.1154453333333333 0.06268800000000001 -0.1049182666666667 0.07783236666666668 0.1434848 1 0.1977914666666667
 -0.9798683333333335 -0.3292149 -0.1661849333333333 0.03927706666666667 -0.005512033333333334 0.007054433333333336 0.04008163333333333 0.06587903333333336 0.06554326666666668 0.01442926666666667 0.06461543333333335 0.0507752 0.066957 0.1200015 0.07813683333333334 0.0903302 -0.1853831 -0.03723053333333334 0.09956199999999998 0.1977914666666667 1


