# Created by Octave 3.8.2, Tue May 05 11:25:52 2015 BRT <gianarch@localhost>
# name: a
# type: matrix
# rows: 21
# columns: 21
 1 0.3511910666666667 0.2375792666666667 0.01233659999999999 0.03300013333333333 -0.04152223333333334 -0.0149142 -0.06294716666666667 -0.05338686666666665 -0.0145592 -0.0741494 -0.08107550000000001 -0.06909119999999999 -0.1084078666666667 -0.07968626666666667 -0.09356433333333332 0.1664984 0.05888693333333336 -0.1061918333333334 -0.1910356666666667 -0.9860992333333335
 0.3511910666666667 1 0.1925438666666666 0.05243996666666666 0.0201581 -0.03081 0.02174046666666667 -0.009135033333333337 -0.03365376666666665 -0.0118725 -0.09057513333333335 -0.04633956666666667 -0.02023933333333334 -0.1073371666666667 -0.1104378333333334 -0.07909196666666668 0.2318164666666667 0.07942553333333333 0.004781666666666667 -0.8893872666666668 -0.3718527
 0.2375792666666667 0.1925438666666666 1 0.06794269999999999 -0.0001179666666666676 -0.06543946666666668 -0.03795686666666667 -0.0178358 -0.03323113333333332 -0.005889300000000005 -0.08136323333333333 -0.1034903333333334 -0.07307666666666668 -0.1025354 -0.1122718333333334 -0.08962700000000003 0.2572247666666667 0.09153726666666667 -0.8065541666666667 -0.2075467 -0.2709459666666668
 0.01233659999999999 0.05243996666666666 0.06794269999999999 1 0.03757533333333333 -0.04591913333333334 -0.01250036666666667 0.01863703333333333 0.005500433333333329 -0.0094451 -0.002059833333333328 -0.02149493333333334 -0.0008384666666666633 -0.0413589 -0.08288076666666669 -0.05562036666666667 0.4052056 -0.7099760333333334 -0.1012223666666667 -0.09736539999999999 -0.04247816666666668
 0.03300013333333333 0.0201581 -0.0001179666666666676 0.03757533333333333 1 -0.0450223 -0.005336533333333337 0.0313512 -0.0205783 0.06378160000000001 0.0295821 -0.01165316666666667 0.01698383333333332 -0.03228853333333333 0.009041366666666665 -0.02356156666666667 -0.0004004333333333309 -0.02711733333333333 -0.007968500000000002 -0.01646106666666667 -0.0317229
 -0.04152223333333334 -0.03081 -0.06543946666666668 -0.04591913333333334 -0.0450223 1 -0.01918426666666666 -0.0066438 0.03437643333333336 0.02389856666666667 0.0194439 0.01367183333333333 0.008042333333333334 -0.0313582 -0.02642879999999998 0.06162700000000001 -0.0119274 0.04204476666666667 0.05604376666666667 0.03203039999999999 0.0451754
 -0.0149142 0.02174046666666667 -0.03795686666666667 -0.01250036666666667 -0.005336533333333337 -0.01918426666666666 1 0.07650476666666664 0.03096303333333333 -0.01175893333333333 -0.01380703333333333 0.0661167 0.04790213333333334 0.0442075 -0.0552542 -0.0135611 -0.007384766666666666 0.02733656666666666 0.04548246666666667 -0.01072553333333334 0.01921410000000001
 -0.06294716666666667 -0.009135033333333337 -0.0178358 0.01863703333333333 0.0313512 -0.0066438 0.07650476666666664 1 0.03053686666666666 -0.04167123333333332 -0.06264313333333334 0.02725696666666667 0.05393486666666667 0.02589836666666667 0.003826166666666667 -0.02465426666666666 0.0182247 -8.406666666666747e-05 0.03258366666666666 0.01279746666666667 0.06622223333333335
 -0.05338686666666665 -0.03365376666666665 -0.03323113333333332 0.005500433333333329 -0.0205783 0.03437643333333336 0.03096303333333333 0.03053686666666666 1 0.05892643333333334 -0.003354199999999999 -0.00623246666666666 0.007693366666666667 -0.04835256666666667 -0.02567356666666666 -0.007985200000000007 0.002275566666666668 0.009505999999999995 0.03440260000000002 0.03440700000000001 0.05472176666666664
 -0.0145592 -0.0118725 -0.005889300000000005 -0.0094451 0.06378160000000001 0.02389856666666667 -0.01175893333333333 -0.04167123333333332 0.05892643333333334 1 -0.01024753333333333 0.002894366666666669 -0.04081246666666667 -0.02649463333333333 -0.01504496666666667 -0.01712853333333334 0.0102523 0.01885273333333333 0.01675793333333333 0.0162835 0.0190024
 -0.0741494 -0.09057513333333335 -0.08136323333333333 -0.002059833333333328 0.0295821 0.0194439 -0.01380703333333333 -0.06264313333333334 -0.003354199999999999 -0.01024753333333333 1 0.04065559999999999 0.0314187 0.01038153333333333 0.004802799999999999 0.03958179999999999 0.009907066666666665 0.007594366666666666 0.07410750000000001 0.09475756666666667 0.07727506666666668
 -0.08107550000000001 -0.04633956666666667 -0.1034903333333334 -0.02149493333333334 -0.01165316666666667 0.01367183333333333 0.0661167 0.02725696666666667 -0.00623246666666666 0.002894366666666669 0.04065559999999999 1 -0.01536356666666667 -0.0135504 -0.04432990000000001 0.07288846666666667 0.02263483333333333 0.03728233333333333 0.1076571 0.05567096666666668 0.08656860000000002
 -0.06909119999999999 -0.02023933333333334 -0.07307666666666668 -0.0008384666666666633 0.01698383333333332 0.008042333333333334 0.04790213333333334 0.05393486666666667 0.007693366666666667 -0.04081246666666667 0.0314187 -0.01536356666666667 1 0.04824736666666666 0.004319100000000008 0.01704723333333332 0.0258061 0.0254051 0.08352343333333337 0.03619493333333333 0.0755369
 -0.1084078666666667 -0.1073371666666667 -0.1025354 -0.0413589 -0.03228853333333333 -0.0313582 0.0442075 0.02589836666666667 -0.04835256666666667 -0.02649463333333333 0.01038153333333333 -0.0135504 0.04824736666666666 1 0.01881269999999999 0.04103513333333333 0.01112906666666666 0.06016216666666666 0.1053094666666667 0.1185728 0.1195861666666666
 -0.07968626666666667 -0.1104378333333334 -0.1122718333333334 -0.08288076666666669 0.009041366666666665 -0.02642879999999998 -0.0552542 0.003826166666666667 -0.02567356666666666 -0.01504496666666667 0.004802799999999999 -0.04432990000000001 0.004319100000000008 0.01881269999999999 1 -0.0006172666666666715 0.005036500000000001 0.1056706666666667 0.1297031 0.1323160666666667 0.09824116666666666
 -0.09356433333333332 -0.07909196666666668 -0.08962700000000003 -0.05562036666666667 -0.02356156666666667 0.06162700000000001 -0.0135611 -0.02465426666666666 -0.007985200000000007 -0.01712853333333334 0.03958179999999999 0.07288846666666667 0.01704723333333332 0.04103513333333333 -0.0006172666666666715 1 0.009239333333333332 0.06833833333333335 0.1100612333333333 0.099204 0.1022686
 0.1664984 0.2318164666666667 0.2572247666666667 0.4052056 -0.0004004333333333309 -0.0119274 -0.007384766666666666 0.0182247 0.002275566666666668 0.0102523 0.009907066666666665 0.02263483333333333 0.0258061 0.01112906666666666 0.005036500000000001 0.009239333333333332 1 -0.07671293333333333 -0.05494190000000002 -0.1214669666666666 -0.1794603
 0.05888693333333336 0.07942553333333333 0.09153726666666667 -0.7099760333333334 -0.02711733333333333 0.04204476666666667 0.02733656666666666 -8.406666666666747e-05 0.009505999999999995 0.01885273333333333 0.007594366666666666 0.03728233333333333 0.0254051 0.06016216666666666 0.1056706666666667 0.06833833333333335 -0.07671293333333333 1 0.1536809333333333 0.06594993333333334 -0.015245
 -0.1061918333333334 0.004781666666666667 -0.8065541666666667 -0.1012223666666667 -0.007968500000000002 0.05604376666666667 0.04548246666666667 0.03258366666666666 0.03440260000000002 0.01675793333333333 0.07410750000000001 0.1076571 0.08352343333333337 0.1053094666666667 0.1297031 0.1100612333333333 -0.05494190000000002 0.1536809333333333 1 0.1424289666666667 0.1551368
 -0.1910356666666667 -0.8893872666666668 -0.2075467 -0.09736539999999999 -0.01646106666666667 0.03203039999999999 -0.01072553333333334 0.01279746666666667 0.03440700000000001 0.0162835 0.09475756666666667 0.05567096666666668 0.03619493333333333 0.1185728 0.1323160666666667 0.099204 -0.1214669666666666 0.06594993333333334 0.1424289666666667 1 0.2208809
 -0.9860992333333335 -0.3718527 -0.2709459666666668 -0.04247816666666668 -0.0317229 0.0451754 0.01921410000000001 0.06622223333333335 0.05472176666666664 0.0190024 0.07727506666666668 0.08656860000000002 0.0755369 0.1195861666666666 0.09824116666666666 0.1022686 -0.1794603 -0.015245 0.1551368 0.2208809 1


