# Created by Octave 3.8.2, Tue May 05 11:25:52 2015 BRT <gianarch@localhost>
# name: a
# type: matrix
# rows: 21
# columns: 21
 1 0.5173815666666667 0.3588826333333333 0.1437778666666666 0.04948183333333334 -0.09430313333333336 -0.02021483333333333 -0.08748170000000002 -0.05514046666666665 -0.02722643333333334 -0.1099781666666667 -0.1072898666666667 -0.1025631666666667 -0.1487743 -0.1119736333333333 -0.1240661 0.3169916666666667 0.2263352333333333 0.04667336666666667 -0.06002093333333334 -0.3259099333333334
 0.5173815666666667 1 0.4001994333333335 0.2421413 0.0559284 -0.06152603333333333 -0.002844166666666668 -0.01113833333333332 -0.04626656666666667 -0.02428056666666667 -0.0886966 -0.08077750000000002 -0.06405089999999999 -0.1225210333333333 -0.1455431666666667 -0.1088678 0.3357659666666666 0.2074973 0.05019953333333334 -0.2045621333333334 -0.05322883333333333
 0.3588826333333333 0.4001994333333335 1 0.2910017 -0.006506366666666667 -0.07327916666666669 -0.0241963 -0.0136046 -0.03137830000000001 -0.0180797 -0.05612389999999998 -0.1073768333333333 -0.06441376666666668 -0.1111415666666666 -0.09423196666666669 -0.05928383333333333 0.2998480666666666 0.1583856 -0.2141368333333333 0.06501813333333331 0.02301343333333333
 0.1437778666666666 0.2421413 0.2910017 1 0.03811193333333333 -0.06188723333333332 0.002960166666666667 0.01714923333333334 0.0126879 0.002866733333333329 -0.02678523333333334 -0.03712096666666666 -0.01141036666666667 -0.04164920000000002 -0.06416366666666666 -0.03547550000000001 0.2294546666666667 -0.2308858333333333 0.1248773 0.09132166666666669 0.09996846666666667
 0.04948183333333334 0.0559284 -0.006506366666666667 0.03811193333333333 1 -0.02428853333333332 0.01034869999999999 0.01086056666666667 -0.04955230000000001 0.1058005333333333 0.04653623333333332 -0.0354154 0.02899693333333334 -0.02420656666666667 0.01686763333333333 -0.0202793 0.0217108 0.0040626 0.004863833333333335 0.001572766666666664 -0.01507336666666667
 -0.09430313333333336 -0.06152603333333333 -0.07327916666666669 -0.06188723333333332 -0.02428853333333332 1 -0.0008989000000000044 -0.0024305 0.03938700000000001 0.0159674 0.05068306666666667 0.0135507 0.0194671 -0.03470146666666665 -0.006368599999999994 0.06881273333333333 -0.06850806666666667 0.005023466666666667 0.0156475 -0.01750583333333333 0.01080766666666667
 -0.02021483333333333 -0.002844166666666668 -0.0241963 0.002960166666666667 0.01034869999999999 -0.0008989000000000044 1 0.07505646666666668 0.03129993333333334 0.003835566666666668 -0.01643849999999999 0.08038580000000002 0.05448846666666667 0.04946646666666666 -0.054989 0.001248933333333333 -0.02061653333333333 0.01794686666666667 0.01455086666666667 -0.01655953333333333 -0.009472599999999996
 -0.08748170000000002 -0.01113833333333332 -0.0136046 0.01714923333333334 0.01086056666666667 -0.0024305 0.07505646666666668 1 0.06860176666666667 -0.03432260000000001 -0.03661539999999999 0.02880176666666668 0.0376838 0.0285543 -0.0009247000000000024 -0.01732793333333333 -0.01644093333333333 -0.0120459 0.01487276666666666 -0.0234219 0.01913376666666667
 -0.05514046666666665 -0.04626656666666667 -0.03137830000000001 0.0126879 -0.04955230000000001 0.03938700000000001 0.03129993333333334 0.06860176666666667 1 0.04017593333333334 4.29666666666717e-05 -0.01655346666666667 0.01767966666666667 -0.02238266666666666 -0.04734103333333332 0.02837310000000001 -0.02764103333333333 -0.01762459999999999 0.007556033333333332 0.01112096666666667 0.003132400000000001
 -0.02722643333333334 -0.02428056666666667 -0.0180797 0.002866733333333329 0.1058005333333333 0.0159674 0.003835566666666668 -0.03432260000000001 0.04017593333333334 1 -0.004417233333333325 0.0132718 -0.028961 -0.03053283333333334 -0.009602599999999994 -0.01059466666666666 -0.01220043333333334 0.01095613333333333 -0.0150618 -0.009439599999999999 0.002867266666666667
 -0.1099781666666667 -0.0886966 -0.05612389999999998 -0.02678523333333334 0.04653623333333332 0.05068306666666667 -0.01643849999999999 -0.03661539999999999 4.29666666666717e-05 -0.004417233333333325 1 0.02733016666666667 0.0311912 -0.01547736666666667 0.01751059999999999 0.03734106666666666 -0.04226873333333333 -0.05482003333333332 0.0189429 0.008469033333333336 0.01155796666666667
 -0.1072898666666667 -0.08077750000000002 -0.1073768333333333 -0.03712096666666666 -0.0354154 0.0135507 0.08038580000000002 0.02880176666666668 -0.01655346666666667 0.0132718 0.02733016666666667 1 -0.016921 -0.01410286666666666 -0.03623336666666668 0.05930123333333333 -0.04290416666666666 -0.02400600000000001 0.008007566666666669 -0.0166841 -0.003036100000000001
 -0.1025631666666667 -0.06405089999999999 -0.06441376666666668 -0.01141036666666667 0.02899693333333334 0.0194671 0.05448846666666667 0.0376838 0.01767966666666667 -0.028961 0.0311912 -0.016921 1 0.07020459999999998 0.04326146666666666 0.01881189999999999 -0.0259941 -0.03422503333333333 0.02246486666666667 -0.01127133333333333 -0.007674033333333332
 -0.1487743 -0.1225210333333333 -0.1111415666666666 -0.04164920000000002 -0.02420656666666667 -0.03470146666666665 0.04946646666666666 0.0285543 -0.02238266666666666 -0.03053283333333334 -0.01547736666666667 -0.01410286666666666 0.07020459999999998 1 0.03092003333333333 0.0587879 -0.07030290000000002 -0.03353356666666667 0.009081499999999999 -0.005817066666666666 -0.002675966666666668
 -0.1119736333333333 -0.1455431666666667 -0.09423196666666669 -0.06416366666666666 0.01686763333333333 -0.006368599999999994 -0.054989 -0.0009247000000000024 -0.04734103333333332 -0.009602599999999994 0.01751059999999999 -0.03623336666666668 0.04326146666666666 0.03092003333333333 1 0.02350493333333333 -0.0793494 -0.0107425 0.0132224 -0.006015766666666669 -0.02446530000000001
 -0.1240661 -0.1088678 -0.05928383333333333 -0.03547550000000001 -0.0202793 0.06881273333333333 0.001248933333333333 -0.01732793333333333 0.02837310000000001 -0.01059466666666666 0.03734106666666666 0.05930123333333333 0.01881189999999999 0.0587879 0.02350493333333333 1 -0.07690673333333334 -0.02436643333333333 0.01291956666666667 0.004263466666666666 -0.01328176666666666
 0.3169916666666667 0.3357659666666666 0.2998480666666666 0.2294546666666667 0.0217108 -0.06850806666666667 -0.02061653333333333 -0.01644093333333333 -0.02764103333333333 -0.01220043333333334 -0.04226873333333333 -0.04290416666666666 -0.0259941 -0.07030290000000002 -0.0793494 -0.07690673333333334 1 -0.3378784333333332 -0.29686 -0.2719795666666667 -0.2198975333333334
 0.2263352333333333 0.2074973 0.1583856 -0.2308858333333333 0.0040626 0.005023466666666667 0.01794686666666667 -0.0120459 -0.01762459999999999 0.01095613333333333 -0.05482003333333332 -0.02400600000000001 -0.03422503333333333 -0.03353356666666667 -0.0107425 -0.02436643333333333 -0.3378784333333332 1 -0.2145285333333333 -0.1998011 -0.1571748
 0.04667336666666667 0.05019953333333334 -0.2141368333333333 0.1248773 0.004863833333333335 0.0156475 0.01455086666666667 0.01487276666666666 0.007556033333333332 -0.0150618 0.0189429 0.008007566666666669 0.02246486666666667 0.009081499999999999 0.0132224 0.01291956666666667 -0.29686 -0.2145285333333333 1 -0.1528265333333333 -0.1120648666666667
 -0.06002093333333334 -0.2045621333333334 0.06501813333333331 0.09132166666666669 0.001572766666666664 -0.01750583333333333 -0.01655953333333333 -0.0234219 0.01112096666666667 -0.009439599999999999 0.008469033333333336 -0.0166841 -0.01127133333333333 -0.005817066666666666 -0.006015766666666669 0.004263466666666666 -0.2719795666666667 -0.1998011 -0.1528265333333333 1 -0.07759676666666665
 -0.3259099333333334 -0.05322883333333333 0.02301343333333333 0.09996846666666667 -0.01507336666666667 0.01080766666666667 -0.009472599999999996 0.01913376666666667 0.003132400000000001 0.002867266666666667 0.01155796666666667 -0.003036100000000001 -0.007674033333333332 -0.002675966666666668 -0.02446530000000001 -0.01328176666666666 -0.2198975333333334 -0.1571748 -0.1120648666666667 -0.07759676666666665 1


