# Created by Octave 3.8.2, Tue May 05 11:25:52 2015 BRT <gianarch@localhost>
# name: a
# type: matrix
# rows: 21
# columns: 21
 1 0.2317609 -0.01390693333333333 -0.1605768 0.0130399 -0.0104598 -0.003514666666666666 -0.05441026666666667 -0.07640886666666666 -0.03582546666666667 -0.05329153333333334 -0.02977673333333334 -0.05441263333333334 -0.03792010000000001 -0.06077753333333333 -0.06134690000000001 0.2442458333333333 0.1998055 0.04177423333333333 -0.1230783333333333 -0.3700285
 0.2317609 1 0.1963059 0.01766776666666667 -0.011407 0.01826759999999999 -0.03673396666666666 -0.0335529 -0.06851449999999999 -0.03040166666666667 -0.09177253333333332 -0.03545479999999999 -0.09965700000000001 -0.09707033333333333 -0.08780596666666665 -0.02639693333333333 0.1673620666666667 0.09638349999999998 -0.02859519999999999 -0.2431248666666667 0.2295298333333333
 -0.01390693333333333 0.1963059 1 0.07821599999999998 -0.06495003333333332 -0.04457903333333333 -0.02057486666666667 -0.02051196666666667 -0.07516233333333333 -0.0400783 -0.03695013333333333 -0.05629976666666667 -0.05702479999999999 -0.0908022 -0.1043749666666667 0.04595720000000001 0.02920866666666667 0.01704563333333333 -0.2951448666666667 0.2131745333333333 0.2664904
 -0.1605768 0.01766776666666667 0.07821599999999998 1 0.0254886 -0.03787166666666666 -0.02563726666666667 0.012332 -0.0179358 -0.01343529999999999 0.0173757 -0.0180222 1.93000000000067e-05 -0.008965400000000007 -0.06073940000000001 -0.003704666666666674 -0.05883046666666666 -0.4054186333333334 0.2629719666666667 0.2106452333333333 0.2307903333333333
 0.0130399 -0.011407 -0.06495003333333332 0.0254886 1 -0.02002726666666668 -0.02799143333333334 0.02259693333333333 -0.0458603 0.02575946666666667 -0.01198713333333334 -0.001577933333333329 0.02152663333333334 -0.01613813333333335 -0.001927100000000001 0.00481783333333333 -0.02144356666666667 -0.0136166 0.05323996666666666 -0.005744533333333334 -0.007030733333333333
 -0.0104598 0.01826759999999999 -0.04457903333333333 -0.03787166666666666 -0.02002726666666668 1 -0.01062456666666666 0.0397202 -0.03062523333333333 -0.03175413333333334 -0.03658486666666667 0.02838223333333334 -0.09592076666666664 -0.008593199999999997 -0.02959666666666666 0.01095863333333333 0.005615199999999999 0.01980123333333334 -0.002105066666666667 -0.02970663333333333 -0.0118689
 -0.003514666666666666 -0.03673396666666666 -0.02057486666666667 -0.02563726666666667 -0.02799143333333334 -0.01062456666666666 1 0.01362226666666667 0.03864619999999998 -0.006578533333333335 0.03638586666666666 0.02841676666666667 0.04986919999999998 0.0878415 -0.008630733333333336 0.01312456666666667 -0.0239393 0.0167354 0.007031999999999997 -0.01552479999999999 -0.01085970000000001
 -0.05441026666666667 -0.0335529 -0.02051196666666667 0.012332 0.02259693333333333 0.0397202 0.01362226666666667 1 -0.01333636666666667 0.02751916666666666 -0.03146616666666666 0.0482452 0.02683400000000001 -0.04128339999999998 -0.0376445 0.004466699999999995 -0.03101276666666666 0.003507899999999998 0.007734233333333332 0.01687 -0.005478333333333332
 -0.07640886666666666 -0.06851449999999999 -0.07516233333333333 -0.0179358 -0.0458603 -0.03062523333333333 0.03864619999999998 -0.01333636666666667 1 0.07907253333333332 0.04680076666666665 0.06314793333333332 -0.02209993333333333 -0.04772733333333333 -0.01164779999999999 0.01029936666666665 -0.01657486666666667 -0.0008709666666666671 0.01086966666666667 -0.0127723 -0.02506846666666667
 -0.03582546666666667 -0.03040166666666667 -0.0400783 -0.01343529999999999 0.02575946666666667 -0.03175413333333334 -0.006578533333333335 0.02751916666666666 0.07907253333333332 1 -0.03239283333333333 -0.01398303333333332 -0.0009189333333333376 -0.06078393333333333 -0.01236443333333334 -0.04337256666666667 -0.01064226666666667 -0.01487169999999999 0.01081123333333333 0.013621 -0.008680433333333331
 -0.05329153333333334 -0.09177253333333332 -0.03695013333333333 0.0173757 -0.01198713333333334 -0.03658486666666667 0.03638586666666666 -0.03146616666666666 0.04680076666666665 -0.03239283333333333 1 0.05714066666666667 0.06078316666666668 0.008941166666666663 0.05400686666666667 -0.01286 -0.03147726666666666 -0.0361713 0.04276863333333333 0.02691876666666667 -0.0306791
 -0.02977673333333334 -0.03545479999999999 -0.05629976666666667 -0.0180222 -0.001577933333333329 0.02838223333333334 0.02841676666666667 0.0482452 0.06314793333333332 -0.01398303333333332 0.05714066666666667 1 -0.006039099999999998 -0.01912013333333333 -0.03575233333333334 0.06365606666666666 0.009718066666666665 -0.006934166666666663 -0.001936033333333336 -0.01689306666666666 -0.01841233333333333
 -0.05441263333333334 -0.09965700000000001 -0.05702479999999999 1.93000000000067e-05 0.02152663333333334 -0.09592076666666664 0.04986919999999998 0.02683400000000001 -0.02209993333333333 -0.0009189333333333376 0.06078316666666668 -0.006039099999999998 1 -0.0238273 -0.001431366666666667 0.01150813333333333 -0.03419373333333334 0.004198400000000004 0.008017466666666665 0.01021516666666667 -0.03498086666666667
 -0.03792010000000001 -0.09707033333333333 -0.0908022 -0.008965400000000007 -0.01613813333333335 -0.008593199999999997 0.0878415 -0.04128339999999998 -0.04772733333333333 -0.06078393333333333 0.008941166666666663 -0.01912013333333333 -0.0238273 1 0.01928523333333333 0.02710440000000001 -0.04102156666666668 0.01015706666666666 0.02928976666666667 0.001635866666666668 -0.04898866666666667
 -0.06077753333333333 -0.08780596666666665 -0.1043749666666667 -0.06073940000000001 -0.001927100000000001 -0.02959666666666666 -0.008630733333333336 -0.0376445 -0.01164779999999999 -0.01236443333333334 0.05400686666666667 -0.03575233333333334 -0.001431366666666667 0.01928523333333333 1 0.01849733333333334 -0.03006983333333333 0.006019766666666668 0.0388901 -0.01216726666666667 -0.06143640000000002
 -0.06134690000000001 -0.02639693333333333 0.04595720000000001 -0.003704666666666674 0.00481783333333333 0.01095863333333333 0.01312456666666667 0.004466699999999995 0.01029936666666665 -0.04337256666666667 -0.01286 0.06365606666666666 0.01150813333333333 0.02710440000000001 0.01849733333333334 1 -0.01410593333333333 0.004686100000000001 -0.0194529 0.02694366666666666 -0.006268366666666665
 0.2442458333333333 0.1673620666666667 0.02920866666666667 -0.05883046666666666 -0.02144356666666667 0.005615199999999999 -0.0239393 -0.03101276666666666 -0.01657486666666667 -0.01064226666666667 -0.03147726666666666 0.009718066666666665 -0.03419373333333334 -0.04102156666666668 -0.03006983333333333 -0.01410593333333333 1 -0.3788046999999999 -0.3252963666666666 -0.3150973666666667 -0.2759295333333334
 0.1998055 0.09638349999999998 0.01704563333333333 -0.4054186333333334 -0.0136166 0.01980123333333334 0.0167354 0.003507899999999998 -0.0008709666666666671 -0.01487169999999999 -0.0361713 -0.006934166666666663 0.004198400000000004 0.01015706666666666 0.006019766666666668 0.004686100000000001 -0.3788046999999999 1 -0.2199755666666667 -0.2092296 -0.1847808
 0.04177423333333333 -0.02859519999999999 -0.2951448666666667 0.2629719666666667 0.05323996666666666 -0.002105066666666667 0.007031999999999997 0.007734233333333332 0.01086966666666667 0.01081123333333333 0.04276863333333333 -0.001936033333333336 0.008017466666666665 0.02928976666666667 0.0388901 -0.0194529 -0.3252963666666666 -0.2199755666666667 1 -0.1516583666666667 -0.1302295333333333
 -0.1230783333333333 -0.2431248666666667 0.2131745333333333 0.2106452333333333 -0.005744533333333334 -0.02970663333333333 -0.01552479999999999 0.01687 -0.0127723 0.013621 0.02691876666666667 -0.01689306666666666 0.01021516666666667 0.001635866666666668 -0.01216726666666667 0.02694366666666666 -0.3150973666666667 -0.2092296 -0.1516583666666667 1 -0.08595323333333332
