# Created by Octave 3.8.2, Tue May 05 11:25:52 2015 BRT <gianarch@localhost>
# name: a
# type: matrix
# rows: 21
# columns: 21
 1 0.4797692333333333 0.2918150999999999 0.08963973333333335 0.0384225 -0.0608623 -0.02102800000000001 -0.06742843333333334 -0.06548179999999999 -0.02160316666666667 -0.08463876666666667 -0.08943356666666667 -0.08231396666666664 -0.1280277666666667 -0.1010094666666666 -0.1051565 0.3025473 0.2216668666666667 0.04470016666666666 -0.06491453333333334 -0.3257959333333334
 0.4797692333333333 1 0.3814239666666666 0.238945 0.04770976666666667 -0.05115096666666667 -0.0007633333333333404 -0.02608806666666668 -0.04126443333333334 -0.01095726666666666 -0.07385043333333334 -0.05634283333333331 -0.05073653333333335 -0.1285983333333333 -0.1395072666666666 -0.08866679999999999 0.3229093666666666 0.1831143 0.0506121 -0.1961454666666667 -0.018652
 0.2918150999999999 0.3814239666666666 1 0.2847918 -0.009826033333333335 -0.05656313333333333 -0.03973126666666668 -0.0136027 -0.04206023333333333 -0.01746723333333333 -0.05830346666666666 -0.1008978 -0.0496174 -0.1105346 -0.1028039 -0.05681713333333332 0.2633534 0.129036 -0.2135199333333333 0.08608690000000004 0.07883386666666664
 0.08963973333333335 0.238945 0.2847918 1 0.05433163333333333 -0.04161393333333335 0.0034335 0.01816743333333333 0.01381493333333333 0.006212466666666661 -0.02129946666666667 -0.02327813333333333 0.007160433333333338 -0.0478824 -0.07212256666666668 -0.03419346666666667 0.1930342666666667 -0.2555548666666665 0.1549421 0.09997466666666667 0.1392585666666667
 0.0384225 0.04770976666666667 -0.009826033333333335 0.05433163333333333 1 -0.0387644 0.004516666666666659 0.0408968 -0.0175789 0.06995060000000002 0.03012066666666667 -0.01322486666666666 0.02773219999999999 -0.03034283333333333 0.01555939999999999 -0.02504593333333334 0.007089533333333333 -0.002619466666666666 0.01783936666666667 0.007605866666666668 -0.001025833333333334
 -0.0608623 -0.05115096666666667 -0.05656313333333333 -0.04161393333333335 -0.0387644 1 -0.0212734 -0.006833333333333332 0.02909413333333332 0.01751783333333333 0.01659963333333333 0.006333533333333334 -0.002927266666666663 -0.03803973333333333 -0.01963773333333334 0.0596714 -0.03764716666666668 -0.001049 0.005265100000000006 -0.007889466666666661 -0.0038693
 -0.02102800000000001 -0.0007633333333333404 -0.03973126666666668 0.0034335 0.004516666666666659 -0.0212734 1 0.06970053333333333 0.03981983333333333 -0.004898933333333339 -0.002429699999999999 0.06920450000000002 0.04482103333333334 0.06008793333333333 -0.05780180000000001 0.0007485000000000065 -0.02605546666666666 0.008176933333333334 0.03199816666666667 -0.01689496666666666 -0.0005840333333333313
 -0.06742843333333334 -0.02608806666666668 -0.0136027 0.01816743333333333 0.0408968 -0.006833333333333332 0.06970053333333333 1 0.03261276666666666 -0.03977869999999999 -0.06145886666666667 0.03103106666666667 0.0580726 0.02223986666666667 0.01259986666666667 -0.022824 -0.01609819999999999 -0.02278086666666667 0.01751356666666666 -0.0005109333333333336 0.0112109
 -0.06548179999999999 -0.04126443333333334 -0.04206023333333333 0.01381493333333333 -0.0175789 0.02909413333333332 0.03981983333333333 0.03261276666666666 1 0.06370606666666664 0.006033099999999995 -0.004657900000000011 0.01070533333333333 -0.04664773333333334 -0.02055113333333334 0.005082933333333329 -0.02387856666666666 -0.01670526666666667 0.01284543333333333 0.0015778 0.003770599999999996
 -0.02160316666666667 -0.01095726666666666 -0.01746723333333333 0.006212466666666661 0.06995060000000002 0.01751783333333333 -0.004898933333333339 -0.03977869999999999 0.06370606666666664 1 -0.0138778 0.009742233333333338 -0.03259046666666667 -0.03583483333333333 -0.007180800000000001 -0.01673543333333333 -0.01091313333333333 -4.03333333333325e-05 0.000191133333333333 0.002032033333333333 -0.004538066666666669
 -0.08463876666666667 -0.07385043333333334 -0.05830346666666666 -0.02129946666666667 0.03012066666666667 0.01659963333333333 -0.002429699999999999 -0.06145886666666667 0.006033099999999995 -0.0138778 1 0.0486234 0.04715373333333333 -0.001559 0.001228200000000003 0.03396663333333332 -0.03609356666666667 -0.04858799999999999 0.02134013333333334 0.01847066666666667 -0.007207866666666665
 -0.08943356666666667 -0.05634283333333331 -0.1008978 -0.02327813333333333 -0.01322486666666666 0.006333533333333334 0.06920450000000002 0.03103106666666667 -0.004657900000000011 0.009742233333333338 0.0486234 1 -0.01932053333333332 -0.0273385 -0.05851780000000002 0.06646996666666666 -0.03199146666666667 -0.03299526666666667 0.02445396666666667 -0.0209536 -0.008873733333333335
 -0.08231396666666664 -0.05073653333333335 -0.0496174 0.007160433333333338 0.02773219999999999 -0.002927266666666663 0.04482103333333334 0.0580726 0.01070533333333333 -0.03259046666666667 0.04715373333333333 -0.01932053333333332 1 0.0491386 0.02561403333333333 0.01704066666666666 -0.02454946666666667 -0.02930810000000001 0.02403783333333333 -0.01171063333333333 -0.005880833333333334
 -0.1280277666666667 -0.1285983333333333 -0.1105346 -0.0478824 -0.03034283333333333 -0.03803973333333333 0.06008793333333333 0.02223986666666667 -0.04664773333333334 -0.03583483333333333 -0.001559 -0.0273385 0.0491386 1 0.01964813333333333 0.04409946666666666 -0.07196533333333334 -0.03170300000000001 0.01006886666666667 0.01066903333333334 -0.01767976666666667
 -0.1010094666666666 -0.1395072666666666 -0.1028039 -0.07212256666666668 0.01555939999999999 -0.01963773333333334 -0.05780180000000001 0.01259986666666667 -0.02055113333333334 -0.007180800000000001 0.001228200000000003 -0.05851780000000002 0.02561403333333333 0.01964813333333333 1 -0.0077022 -0.08442486666666668 -7.626666666666846e-05 0.01091166666666666 -0.006134266666666667 -0.03500853333333333
 -0.1051565 -0.08866679999999999 -0.05681713333333332 -0.03419346666666667 -0.02504593333333334 0.0596714 0.0007485000000000065 -0.022824 0.005082933333333329 -0.01673543333333333 0.03396663333333332 0.06646996666666666 0.01704066666666666 0.04409946666666666 -0.0077022 1 -0.05990646666666667 -0.0210064 0.01306983333333333 0.008124366666666667 -0.03012663333333333
 0.3025473 0.3229093666666666 0.2633534 0.1930342666666667 0.007089533333333333 -0.03764716666666668 -0.02605546666666666 -0.01609819999999999 -0.02387856666666666 -0.01091313333333333 -0.03609356666666667 -0.03199146666666667 -0.02454946666666667 -0.07196533333333334 -0.08442486666666668 -0.05990646666666667 1 -0.3415492333333334 -0.2995654333333332 -0.2761182 -0.2226382666666667
 0.2216668666666667 0.1831143 0.129036 -0.2555548666666665 -0.002619466666666666 -0.001049 0.008176933333333334 -0.02278086666666667 -0.01670526666666667 -4.03333333333325e-05 -0.04858799999999999 -0.03299526666666667 -0.02930810000000001 -0.03170300000000001 -7.626666666666846e-05 -0.0210064 -0.3415492333333334 1 -0.2163971333333333 -0.2012182666666667 -0.1600350333333333
 0.04470016666666666 0.0506121 -0.2135199333333333 0.1549421 0.01783936666666667 0.005265100000000006 0.03199816666666667 0.01751356666666666 0.01284543333333333 0.000191133333333333 0.02134013333333334 0.02445396666666667 0.02403783333333333 0.01006886666666667 0.01091166666666666 0.01306983333333333 -0.2995654333333332 -0.2163971333333333 1 -0.1517881 -0.111101
 -0.06491453333333334 -0.1961454666666667 0.08608690000000004 0.09997466666666667 0.007605866666666668 -0.007889466666666661 -0.01689496666666666 -0.0005109333333333336 0.0015778 0.002032033333333333 0.01847066666666667 -0.0209536 -0.01171063333333333 0.01066903333333334 -0.006134266666666667 0.008124366666666667 -0.2761182 -0.2012182666666667 -0.1517881 1 -0.07559896666666667
