# Created by Octave 3.8.2, Tue May 05 11:25:52 2015 BRT <gianarch@localhost>
# name: a
# type: matrix
# rows: 21
# columns: 21
 1 -0.03305049999999999 -0.02946229999999999 -0.03317836666666667 0.003170599999999998 -0.005535299999999999 -1.846666666666732e-05 0.01476236666666667 0.002698933333333335 -0.001403566666666665 -0.01483583333333333 -0.012668 -3.153333333333393e-05 0.002930300000000002 -4.833333333333356e-05 -0.002435633333333335 0.1486464333333333 0.02598493333333333 0.0280323 0.0342892 -0.2692785000000001
 -0.03305049999999999 1 -0.03454716666666666 -0.04258473333333333 -0.01832583333333333 0.000498033333333334 0.007144566666666667 0.001789300000000001 0.0009905000000000014 0.0004706999999999989 -0.002291166666666668 0.004792866666666669 0.01051416666666666 0.0101576 -1.036666666666639e-05 -0.004843099999999999 0.1503578666666666 0.03668076666666667 0.0274954 -0.2131064666666667 0.01834323333333333
 -0.02946229999999999 -0.03454716666666666 1 -0.03910703333333333 0.01048696666666667 -0.0109473 0.01184613333333333 0.01609136666666667 -0.008986199999999996 -0.009877099999999998 0.002576233333333334 0.01215933333333333 0.001335566666666666 0.004090366666666665 0.002943533333333332 -0.0104685 0.1800496666666667 0.03589343333333334 -0.2257877 0.001932333333333333 0.0135692
 -0.03317836666666667 -0.04258473333333333 -0.03910703333333333 1 -0.0166021 0.008954366666666666 -0.002259433333333332 0.004328766666666668 -0.008395166666666669 0.004897500000000001 0.008564966666666668 -0.001151166666666667 0.002902866666666666 0.0002174666666666665 0.004320333333333333 0.01191539999999999 0.1712572333333333 -0.2206766333333334 0.01375493333333333 0.01608736666666667 0.0135914
 0.003170599999999998 -0.01832583333333333 0.01048696666666667 -0.0166021 1 -0.003433533333333332 -0.0060474 -0.003641 0.005595533333333336 0.0006607333333333328 0.0003081333333333324 0.01452446666666666 0.003553699999999999 -0.009633333333333334 0.005631799999999998 -0.002322833333333334 -0.007175766666666668 0.01158526666666667 -0.001980933333333333 -0.0007522666666666662 0.004195100000000003
 -0.005535299999999999 0.000498033333333334 -0.0109473 0.008954366666666666 -0.003433533333333332 1 -0.007847433333333336 -0.001101366666666663 0.005097066666666665 -0.000546933333333333 -0.0002972333333333355 -0.02625593333333333 -0.0128609 -0.005149899999999997 0.004227666666666666 0.004772633333333332 0.005871899999999999 -0.006565666666666669 0.011049 -0.01053133333333333 -0.005482633333333331
 -1.846666666666732e-05 0.007144566666666667 0.01184613333333333 -0.002259433333333332 -0.0060474 -0.007847433333333336 1 0.004926566666666667 0.003699333333333331 0.001452233333333333 0.00287 0.009216566666666669 0.007532133333333333 9.23666666666693e-05 0.007407733333333334 0.002244333333333334 0.01175696666666667 0.006349999999999998 -0.02539773333333334 -0.01259623333333333 0.008448533333333333
 0.01476236666666667 0.001789300000000001 0.01609136666666667 0.004328766666666668 -0.003641 -0.001101366666666663 0.004926566666666667 1 0.01072393333333333 0.001277733333333333 -0.001198333333333334 0.005605666666666668 0.009826133333333336 0.001479066666666666 0.01081713333333333 -0.0050238 0.007973000000000003 0.01026526666666666 -0.005423133333333333 -0.004586566666666667 -0.005303100000000002
 0.002698933333333335 0.0009905000000000014 -0.008986199999999996 -0.008395166666666669 0.005595533333333336 0.005097066666666665 0.003699333333333331 0.01072393333333333 1 -0.004597166666666665 0.007532366666666665 -0.0003552666666666669 0.006011799999999999 -0.008471433333333334 -0.008542966666666664 0.01335126666666667 0.008720966666666666 -0.002853366666666668 0.005661300000000003 -0.01240843333333333 -0.006127866666666665
 -0.001403566666666665 0.0004706999999999989 -0.009877099999999998 0.004897500000000001 0.0006607333333333328 -0.000546933333333333 0.001452233333333333 0.001277733333333333 -0.004597166666666665 1 -0.005056133333333333 0.0146923 0.004684533333333333 -0.007501666666666668 0.0027862 0.004307033333333332 -0.008078566666666667 -0.0008308999999999992 0.002304199999999999 0.001524866666666666 0.0198237
 -0.01483583333333333 -0.002291166666666668 0.002576233333333334 0.008564966666666668 0.0003081333333333324 -0.0002972333333333355 0.00287 -0.001198333333333334 0.007532366666666665 -0.005056133333333333 1 0.005652099999999998 0.006571666666666667 -0.0033252 0.006669600000000001 -0.01075653333333333 -0.009256166666666668 -0.0181122 0.0045338 0.0195007 0.0162034
 -0.012668 0.004792866666666669 0.01215933333333333 -0.001151166666666667 0.01452446666666666 -0.02625593333333333 0.009216566666666669 0.005605666666666668 -0.0003552666666666669 0.0146923 0.005652099999999998 1 -0.002972866666666667 -0.006066066666666666 0.02178956666666666 -0.009014300000000001 0.004651733333333334 0.001310899999999999 -0.005732433333333332 0.003232533333333334 -0.0003880000000000018
 -3.153333333333393e-05 0.01051416666666666 0.001335566666666666 0.002902866666666666 0.003553699999999999 -0.0128609 0.007532133333333333 0.009826133333333336 0.006011799999999999 0.004684533333333333 0.006571666666666667 -0.002972866666666667 1 -0.01175426666666667 0.005967100000000002 -0.002688666666666666 0.01002606666666667 0.01511456666666667 -0.007052599999999998 -0.006021299999999999 -0.0129278
 0.002930300000000002 0.0101576 0.004090366666666665 0.0002174666666666665 -0.009633333333333334 -0.005149899999999997 9.23666666666693e-05 0.001479066666666666 -0.008471433333333334 -0.007501666666666668 -0.0033252 -0.006066066666666666 -0.01175426666666667 1 -0.008199666666666668 0.01199616666666667 0.004617966666666666 0.004909766666666665 0.0002532000000000011 0.0009327666666666668 -0.002448533333333334
 -4.833333333333356e-05 -1.036666666666639e-05 0.002943533333333332 0.004320333333333333 0.005631799999999998 0.004227666666666666 0.007407733333333334 0.01081713333333333 -0.008542966666666664 0.0027862 0.006669600000000001 0.02178956666666666 0.005967100000000002 -0.008199666666666668 1 0.002072833333333334 0.002982199999999999 -0.001267633333333334 -0.001031233333333334 0.005264766666666668 -0.004938133333333331
 -0.002435633333333335 -0.004843099999999999 -0.0104685 0.01191539999999999 -0.002322833333333334 0.004772633333333332 0.002244333333333334 -0.0050238 0.01335126666666667 0.004307033333333332 -0.01075653333333333 -0.009014300000000001 -0.002688666666666666 0.01199616666666667 0.002072833333333334 1 -0.0003428666666666675 -0.01191743333333333 0.006149533333333336 0.007819533333333331 -0.001544200000000001
 0.1486464333333333 0.1503578666666666 0.1800496666666667 0.1712572333333333 -0.007175766666666668 0.005871899999999999 0.01175696666666667 0.007973000000000003 0.008720966666666666 -0.008078566666666667 -0.009256166666666668 0.004651733333333334 0.01002606666666667 0.004617966666666666 0.002982199999999999 -0.0003428666666666675 1 -0.4755375333333332 -0.4889568 -0.4545656333333333 -0.4605006
 0.02598493333333333 0.03668076666666667 0.03589343333333334 -0.2206766333333334 0.01158526666666667 -0.006565666666666669 0.006349999999999998 0.01026526666666666 -0.002853366666666668 -0.0008308999999999992 -0.0181122 0.001310899999999999 0.01511456666666667 0.004909766666666665 -0.001267633333333334 -0.01191743333333333 -0.4755375333333332 1 -0.0180442 -0.0168767 -0.01925786666666666
 0.0280323 0.0274954 -0.2257877 0.01375493333333333 -0.001980933333333333 0.011049 -0.02539773333333334 -0.005423133333333333 0.005661300000000003 0.002304199999999999 0.0045338 -0.005732433333333332 -0.007052599999999998 0.0002532000000000011 -0.001031233333333334 0.006149533333333336 -0.4889568 -0.0180442 1 -0.01773426666666666 -0.0188676
